0.363 3.17 -0.0442 7.5 0.04685 0.0015 0.00069 -0.00056 0.00342 0.002 0.00018 -0.00099
0.363 3.17 -0.0442 22.5 0.043 0.0015 0.00054 -0.00068 0.0009889 0.0018 0.00061 -0.00074
0.363 3.17 -0.0442 37.5 0.0412 0.0014 0.00024 -0.00079 0.006148 0.0017 0.00042 -0.00046
0.363 3.17 -0.0442 52.5 0.03692 0.0013 0.00108 -0.00046 0.003598 0.0017 0.00083 -0.00021
0.363 3.17 -0.0442 67.5 0.03529 0.0012 0.00037 -0.00043 0.006038 0.0016 0.00018 -0.00057
0.363 3.17 -0.0442 82.5 0.02995 0.0012 0.00085 -0.00029 0.004234 0.0015 0.0006 -0.00017
0.363 3.17 -0.0442 97.5 0.02703 0.0011 0.00074 -0.00037 0.009706 0.0014 0.00029 -0.00073
0.363 3.17 -0.0442 112.5 0.02304 0.00097 0.00028 -0.00038 0.004897 0.0012 0.00012 -0.00031
0.363 3.17 -0.0442 127.5 0.02258 0.00096 0.00079 -0.00049 0.005587 0.0012 0.00052 -0.00011
0.363 3.17 -0.0442 142.5 0.02119 0.00094 0.00043 -0.00033 0.003237 0.0012 0.00052 -0.00044
0.363 3.17 -0.0442 157.5 0.02063 0.00092 0.00052 -4e-05 0.0006897 0.0012 0.0004 -0.00046
0.363 3.17 -0.0442 172.5 0.01966 0.00088 0.00045 -0.00027 0.002364 0.0012 0.00051 -0.00033
0.363 3.17 -0.0442 187.5 0.0212 0.00093 0.00014 -0.0005 0.0001134 0.0011 0.00016 -0.00071
0.363 3.17 -0.0442 202.5 0.02104 0.00093 0.00023 -0.00034 -0.001079 0.0011 0.00085 -0.00038
0.363 3.17 -0.0442 217.5 0.02064 0.00093 0.00014 -0.00079 -0.003052 0.0012 0.00037 -0.00062
0.363 3.17 -0.0442 232.5 0.02057 0.00094 0.00028 -0.00034 -0.004234 0.0012 0.00027 -0.00088
0.363 3.17 -0.0442 247.5 0.02456 0.001 0.00027 -0.00048 -0.005019 0.0013 0.00084 -0.00045
0.363 3.17 -0.0442 262.5 0.02719 0.0011 0.00066 -0.00032 -0.007067 0.0013 0.00088 -0.00012
0.363 3.17 -0.0442 277.5 0.02885 0.0011 0.00069 -7e-05 -0.0061 0.0014 0.00047 -0.00038
0.363 3.17 -0.0442 292.5 0.03594 0.0013 0.00067 -0.00034 -0.008391 0.0016 0.00092 -0.00094
0.363 3.17 -0.0442 307.5 0.03933 0.0013 0.00032 -0.00057 -0.007903 0.0016 0.00067 -0.00144
0.363 3.17 -0.0442 322.5 0.04277 0.0014 0.00057 -0.00095 -0.006587 0.0017 0.00132 -0.00019
0.363 3.17 -0.0442 337.5 0.04669 0.0015 1e-05 -0.00083 -0.006561 0.0017 0.00113 -0.00048
0.363 3.17 -0.0442 352.5 0.05042 0.0015 0.00043 -0.00074 -0.0002516 0.0016 0.00086 -0.00036
0.363 3.17 -0.13 7.5 0.04374 0.0017 0.00077 -0.00104 -0.0003221 0.002 0.00063 -0.00045
0.363 3.17 -0.13 22.5 0.03845 0.0016 0.00106 -0.00041 1.109e-05 0.0018 0.00071 -0.00072
0.363 3.17 -0.13 37.5 0.03587 0.0015 0.00098 -8e-05 0.008041 0.0017 0.00119 -0.00051
0.363 3.17 -0.13 52.5 0.03162 0.0013 0.00086 -0.00055 0.007215 0.0015 0.00093 -0.0002
0.363 3.17 -0.13 67.5 0.02425 0.0011 0.00035 -0.00035 0.006565 0.0013 0.00086 -0
0.363 3.17 -0.13 82.5 0.02062 0.001 0.0001 -0.0005 0.006443 0.0011 0.00047 -0.00052
0.363 3.17 -0.13 97.5 0.01769 0.0009 0.00058 -0.00042 0.002997 0.001 9e-05 -0.00029
0.363 3.17 -0.13 112.5 0.01511 0.00081 0.00034 -0.00023 0.004323 0.00092 0.00035 -0.00024
0.363 3.17 -0.13 127.5 0.01295 0.00076 0.00036 -8e-05 0.003521 0.00085 0.00016 -0.00036
0.363 3.17 -0.13 142.5 0.01345 0.00077 0.00027 -0.00018 0.001548 0.00084 0.0005 -0.0001
0.363 3.17 -0.13 157.5 0.0107 0.00069 0.00024 -0.00027 0.001149 0.00076 0.00013 -0.00047
0.363 3.17 -0.13 172.5 0.01124 0.00071 0.00043 -7e-05 5.991e-07 0.00081 5e-05 -0.00028
0.363 3.17 -0.13 187.5 0.01152 0.00072 0.00023 -0.00012 7.789e-05 0.00076 0.00012 -0.00049
0.363 3.17 -0.13 202.5 0.0132 0.00076 0.00039 -0.00017 -0.0005743 0.0008 0.00016 -0.00037
0.363 3.17 -0.13 217.5 0.01397 0.00079 0.00044 -0.00035 -0.001836 0.00088 0.00019 -0.00028
0.363 3.17 -0.13 232.5 0.01439 0.00084 0.00023 -0.00039 -0.002612 0.00092 0.00034 -0.00024
0.363 3.17 -0.13 247.5 0.01675 0.00089 0.00079 -0.00012 -0.004326 0.001 0 -0.00033
0.363 3.17 -0.13 262.5 0.01842 0.00096 0.00019 -0.00063 -0.004628 0.0011 0.00025 -0.00054
0.363 3.17 -0.13 277.5 0.02197 0.0011 0.00014 -0.00077 -0.003643 0.0012 7e-05 -0.00069
0.363 3.17 -0.13 292.5 0.02567 0.0012 0.00096 -0 -0.005638 0.0014 0.0004 -0.00053
0.363 3.17 -0.13 307.5 0.03149 0.0013 0.00065 -0.00048 -0.008139 0.0015 0.00047 -0.00081
0.363 3.17 -0.13 322.5 0.0391 0.0014 0.00054 -0.00085 -0.005346 0.0017 0.0005 -8e-05
0.363 3.17 -0.13 337.5 0.04204 0.0016 0.00039 -0.00033 -0.005403 0.0018 0.0004 -0.00041
0.363 3.17 -0.13 352.5 0.04614 0.0017 0.00088 -0.00045 0.0003079 0.0019 0.00033 -0.00102
0.365 3.18 -0.216 7.5 0.03354 0.0026 0.00034 -0.00079 0.0009495 0.003 0.00021 -0.00126
0.365 3.18 -0.216 22.5 0.03077 0.0021 0.00119 -0.00026 0.00235 0.0024 0.00043 -0.00128
0.365 3.18 -0.216 37.5 0.02466 0.0015 0.00035 -0.00043 0.004686 0.0018 0.00091 -0.00015
0.365 3.18 -0.216 52.5 0.02045 0.0012 0.00018 -0.00054 0.00586 0.0014 0.00027 -0.0006
0.365 3.18 -0.216 67.5 0.01693 0.001 0.00037 -0.00025 0.003786 0.0012 0.00046 -0.00041
0.365 3.18 -0.216 82.5 0.01414 0.0009 0.00054 -0.00018 0.003521 0.001 0.00057 -3e-05
0.365 3.18 -0.216 97.5 0.01212 0.00078 0.00022 -0.00033 0.003474 0.00089 0.00021 -0.00025
0.365 3.18 -0.216 112.5 0.01077 0.00072 0.00028 -0.0001 0.004273 0.0008 9e-05 -0.00027
0.365 3.18 -0.216 127.5 0.009571 0.00068 0.00028 -0.00035 0.001541 0.00076 0.0004 -0.00018
0.365 3.18 -0.216 142.5 0.008585 0.00066 0.00023 -0.00018 0.001465 0.00072 0.0002 -0.00016
0.365 3.18 -0.216 157.5 0.009052 0.00067 0.00018 -0.00031 0.001019 0.00072 0.00017 -0.00015
0.365 3.18 -0.216 172.5 0.009278 0.00069 0.00036 -0.0001 -0.0001904 0.00075 0.00036 -0.00016
0.365 3.18 -0.216 187.5 0.008896 0.00066 5e-05 -0.00031 0.0002142 0.00068 0.00028 -0.00019
0.365 3.18 -0.216 202.5 0.01015 0.00073 0.00026 -0.00014 -0.0003753 0.00077 0.00021 -0.00044
0.365 3.18 -0.216 217.5 0.009314 0.00069 0.0003 -6e-05 -0.0005635 0.00074 0.00016 -0.00038
0.365 3.18 -0.216 232.5 0.009574 0.00071 0.00034 -0.00011 -0.001593 0.00079 0.00015 -0.00023
0.365 3.18 -0.216 247.5 0.01043 0.00077 0.00037 -0.00011 -0.003096 0.00087 0.0001 -0.00047
0.365 3.18 -0.216 262.5 0.014 0.00086 0.00048 -0.00032 -0.00297 0.00097 0.00036 -0.00016
0.365 3.18 -0.216 277.5 0.01522 0.00095 0.00054 -0.00018 -0.004697 0.0011 0.00052 -0.00061
0.365 3.18 -0.216 292.5 0.01955 0.0011 0.00034 -0.00056 -0.009123 0.0013 0.00021 -0.00031
0.365 3.18 -0.216 307.5 0.02395 0.0013 0.0003 -0.00038 -0.007931 0.0015 0.00071 -0.00066
0.365 3.18 -0.216 322.5 0.02902 0.0015 0.00046 -0.00025 -0.006384 0.0017 0.00075 -0.00022
0.365 3.18 -0.216 337.5 0.03418 0.002 0.00155 -0.00057 -0.005791 0.0022 0.0005 -0.00066
0.365 3.18 -0.216 352.5 0.03616 0.0026 0.00081 -0.00034 -0.00337 0.0027 0.00066 -0.00137
0.365 3.18 -0.302 7.5 0.02955 0.007 0.00232 -0.00199 0.006224 0.0062 0.00179 -0.00183
0.365 3.18 -0.302 22.5 0.02071 0.0039 0.00106 -0.00102 0.004903 0.0038 0.00177 -0.00049
0.365 3.18 -0.302 37.5 0.02158 0.002 0.00015 -0.0011 0.003147 0.0021 0.00138 -0
0.365 3.18 -0.302 52.5 0.01744 0.0013 0.00013 -0.00039 0.006032 0.0015 2e-05 -0.00093
0.365 3.18 -0.302 67.5 0.01317 0.001 0.00023 -0.00027 0.003604 0.0012 0.00044 -0.00087
0.365 3.18 -0.302 82.5 0.01215 0.00091 0.0005 -0.00054 0.003158 0.001 0.0004 -0.00017
0.365 3.18 -0.302 97.5 0.009614 0.0008 0.00043 -0.00038 0.002976 0.0009 0.00018 -0.00042
0.365 3.18 -0.302 112.5 0.008001 0.00069 0.00014 -0.00033 0.002392 0.00078 0.00022 -0.00015
0.365 3.18 -0.302 127.5 0.006943 0.00063 0.0003 -0.00011 0.00154 0.00071 0.00013 -0.00019
0.365 3.18 -0.302 142.5 0.006324 0.0006 0.00013 -0.0002 0.001267 0.0007 0.00036 -0.00036
0.365 3.18 -0.302 157.5 0.00626 0.00063 0.00023 -9e-05 0.0002594 0.00072 0.00027 -8e-05
0.365 3.18 -0.302 172.5 0.00696 0.00071 0.00045 -0.00011 0.0006903 0.00083 0.00041 -0.00016
0.365 3.18 -0.302 187.5 0.005952 0.00067 0.00033 -0.00029 -0.000246 0.00077 0.00046 -6e-05
0.365 3.18 -0.302 202.5 0.007892 0.00069 0.00026 -6e-05 -0.00114 0.0008 0.00022 -0.00055
0.365 3.18 -0.302 217.5 0.008029 0.00068 0.00016 -3e-05 -0.001098 0.00077 0.00027 -0.00029
0.365 3.18 -0.302 232.5 0.006955 0.00066 0.00044 -0.00015 -0.001431 0.00074 0.00028 -0.00014
0.365 3.18 -0.302 247.5 0.008303 0.00071 0.00023 -0.0003 -0.002435 0.0008 0.00029 -0.00011
0.365 3.18 -0.302 262.5 0.008896 0.0008 0.00015 -0.00029 -0.001657 0.0009 0.00041 -0.00036
0.365 3.18 -0.302 277.5 0.01166 0.00095 0.0003 -0.00033 -0.004682 0.0011 0.00035 -0.00028
0.365 3.18 -0.302 292.5 0.01447 0.0011 0.00017 -0.00032 -0.004773 0.0013 0.00033 -0.00055
0.365 3.18 -0.302 307.5 0.0186 0.0014 0.00018 -0.00065 -0.004995 0.0016 0.00068 -0.00066
0.365 3.18 -0.302 322.5 0.02048 0.0019 0.0006 -0.00082 -0.001836 0.002 0.00044 -0.00097
0.365 3.18 -0.302 337.5 0.02193 0.0035 0.00084 -0.00116 -0.005144 0.0034 0.00186 -0.00125
0.365 3.18 -0.302 352.5 0.0175 0.0061 0.00165 -0.00301 0.002907 0.0056 0.00112 -0.00357
0.364 3.18 -0.418 7.5 0.02843 0.034 0.00662 -0.00278 -0.01009 0.026 0.0008 -0.00309
0.364 3.18 -0.418 22.5 0.0197 0.0096 0.00266 -0.00575 0.004382 0.0097 0.00344 -0.00084
0.364 3.18 -0.418 37.5 0.01216 0.0025 0.00063 -8e-05 0.005506 0.0025 0.0008 -0.00171
0.364 3.18 -0.418 52.5 0.009409 0.0012 0.00057 -0.0003 0.002224 0.0013 0.00038 -0.0004
0.364 3.18 -0.418 67.5 0.008743 0.00087 0.00029 -0.00025 0.003253 0.00097 5e-05 -0.00046
0.364 3.18 -0.418 82.5 0.007297 0.00074 0.00043 -0.0002 0.001577 0.00084 0.00039 -0.00043
0.364 3.18 -0.418 97.5 0.006193 0.00064 0.00011 -0.0003 0.0003562 0.00071 0.00018 -0.00018
0.364 3.18 -0.418 112.5 0.00509 0.00053 0.00014 -0.00021 0.0008768 0.00058 0.00021 -0.00029
0.364 3.18 -0.418 127.5 0.004834 0.00046 0.0002 -0.0001 0.0006813 0.00049 1e-05 -0.0003
0.364 3.18 -0.418 142.5 0.005332 0.00052 0.0001 -0.00015 0.001158 0.00054 9e-05 -0.00027
0.364 3.18 -0.418 157.5 0.006888 0.00076 0.00025 -0.00041 0.0009459 0.00073 4e-05 -0.00033
0.364 3.18 -0.418 172.5 0.006118 0.00095 0.00085 -0.00026 0.0004705 0.00087 0.00079 -0.00034
0.364 3.18 -0.418 187.5 0.006859 0.0011 0.00014 -0.00074 -0.0002343 0.00093 0.00018 -0.00033
0.364 3.18 -0.418 202.5 0.007747 0.0008 0.00022 -0.00039 -0.001475 0.00077 0.00053 -0.00017
0.364 3.18 -0.418 217.5 0.00561 0.00057 0.00028 -0 -0.001114 0.00059 0.00023 -0.00011
0.364 3.18 -0.418 232.5 0.006624 0.00052 0.00014 -0.0001 -0.0003196 0.00056 0.00021 -0.00026
0.364 3.18 -0.418 247.5 0.005414 0.00052 0.00027 -0.00027 -0.001751 0.00058 0.00047 -0
0.364 3.18 -0.418 262.5 0.007065 0.00069 0.00024 -0.00017 -0.0033 0.00076 0.0004 -0.00037
0.364 3.18 -0.418 277.5 0.008133 0.00081 0.00038 -0.00042 -0.002589 0.00091 0.0004 -0.00029
0.364 3.18 -0.418 292.5 0.01023 0.00095 0.00026 -0.00052 -0.003035 0.0011 0.00026 -0.00048
0.364 3.18 -0.418 307.5 0.01522 0.0014 0.00042 -0.00022 -0.004004 0.0016 0.0004 -0.001
0.364 3.18 -0.418 322.5 0.01818 0.0026 0.00101 -0.00055 -0.004001 0.0027 0.00087 -0.00101
0.364 3.18 -0.418 337.5 0.02104 0.0092 0 -0.00385 -0.009004 0.0088 0.00231 -0.00355
0.364 3.18 -0.418 352.5 0.001386 0.048 0.0225 -0.00333 -0.001087 0.032 8e-05 -0.01435
0.367 3.65 -0.0316 7.5 0.02745 0.00092 0.00069 -0 4.666e-05 0.0008 0.00025 -0.00028
0.367 3.65 -0.0316 22.5 0.02291 0.00084 0.0007 -0.00013 0.001999 0.0009 0.00045 -0.0002
0.367 3.65 -0.0316 37.5 0.02277 0.00084 0.00038 -0.0005 0.001209 0.00094 0.00035 -0.00028
0.367 3.65 -0.0316 52.5 0.02077 0.00081 0.00023 -0.00045 0.002505 0.00093 0.00011 -0.00037
0.367 3.65 -0.0316 67.5 0.02182 0.00079 0.00016 -0.00052 0.005241 0.00093 0.00049 -9e-05
0.367 3.65 -0.0316 82.5 0.01831 0.00074 0.00055 -1e-05 0.004468 0.00088 0.00069 -0.0005
0.367 3.65 -0.0316 97.5 0.01753 0.00072 0.00016 -0.00027 0.005037 0.00087 0.00034 -0.00061
0.367 3.65 -0.0316 112.5 0.01642 0.00068 0.00053 -0.00033 0.003657 0.00083 0.00028 -0.00021
0.367 3.65 -0.0316 127.5 0.01565 0.00065 0.00035 -0.00013 0.00255 0.0008 0.00024 -3e-05
0.367 3.65 -0.0316 142.5 0.01412 0.00062 0.00041 -0.0002 0.00211 0.00074 0.00026 -0.00045
0.367 3.65 -0.0316 157.5 0.01291 0.0006 0.00043 -0.00023 0.001803 0.00069 0.00042 -0.0001
0.367 3.65 -0.0316 172.5 0.01295 0.0006 0.00051 -0.00022 0.0003159 0.00057 0.00032 -0.00025
0.367 3.65 -0.0316 187.5 0.01221 0.0006 0.00037 -0.00034 -0.001591 0.0011 0.00026 -0.00036
0.367 3.65 -0.0316 202.5 0.01352 0.00063 0.00016 -0.00031 -0.0007655 0.00088 0.00029 -2e-05
0.367 3.65 -0.0316 217.5 0.01328 0.00062 0.00028 -0.00024 -0.0009841 0.00082 0.00023 -0.00015
0.367 3.65 -0.0316 232.5 0.01609 0.00068 9e-05 -0.00031 -0.005456 0.00086 0.00025 -0.00016
0.367 3.65 -0.0316 247.5 0.01518 0.00067 0.00021 -0.00039 -0.002483 0.00086 0.00031 -0.0003
0.367 3.65 -0.0316 262.5 0.01853 0.00073 0.00051 -0.0002 -0.004165 0.00094 0.00028 -8e-05
0.367 3.65 -0.0316 277.5 0.02088 0.00078 0.00041 -0.00034 -0.003375 0.00099 0.00018 -0.00029
0.367 3.65 -0.0316 292.5 0.02143 0.00079 0.00048 -0.00021 -0.004764 0.001 0.00036 -0.00023
0.367 3.65 -0.0316 307.5 0.0225 0.00082 0.00048 -0.00058 -0.003033 0.001 0.00029 -0.00037
0.367 3.65 -0.0316 322.5 0.02521 0.00087 0.00021 -0.00081 -0.003329 0.0011 0.00031 -0.00032
0.367 3.65 -0.0316 337.5 0.0237 0.00086 0.00097 -0.00042 0.0006946 0.0011 0.00033 -0.00059
0.367 3.65 -0.0316 352.5 0.0257 0.0009 0.00063 -0.00059 0.004059 0.0015 0.00067 -0.00048
0.367 3.65 -0.0928 7.5 0.02351 0.001 0.00069 -0.00037 0.0001053 0.001 0.00016 -0.00029
0.367 3.65 -0.0928 22.5 0.02188 0.00096 0.00066 -0.00016 0.0003361 0.001 0.00077 -0.00018
0.367 3.65 -0.0928 37.5 0.01989 0.00084 0.00089 -2e-05 0.004071 0.00096 0.00047 -0.00021
0.367 3.65 -0.0928 52.5 0.01905 0.00078 0 -0.00083 0.00455 0.0009 9e-05 -0.00045
0.367 3.65 -0.0928 67.5 0.01792 0.00074 0.00026 -0.00023 0.005221 0.00085 0.00023 -0.0002
0.367 3.65 -0.0928 82.5 0.01338 0.00065 0.00015 -0.00012 0.004543 0.00075 0.00014 -0.00012
0.367 3.65 -0.0928 97.5 0.01181 0.00061 0.00019 -0.00023 0.004177 0.00071 0.00047 -0.00012
0.367 3.65 -0.0928 112.5 0.01052 0.00055 0.00018 -0.00047 0.003218 0.00063 7e-05 -0.00025
0.367 3.65 -0.0928 127.5 0.01087 0.00056 0.00029 -0.00031 0.001835 0.00063 0.00032 -8e-05
0.367 3.65 -0.0928 142.5 0.009838 0.00052 0.00014 -0.00051 0.002156 0.00057 0.00021 -0.00027
0.367 3.65 -0.0928 157.5 0.008124 0.00049 7e-05 -0.00031 0.0008436 0.00051 0.00011 -0.00027
0.367 3.65 -0.0928 172.5 0.008823 0.0005 0.00048 -6e-05 0.0001414 0.00046 0.00019 -0.00012
0.367 3.65 -0.0928 187.5 0.008737 0.00049 0.00016 -0.00057 -0.0004042 0.00065 0.00019 -0.00012
0.367 3.65 -0.0928 202.5 0.009994 0.00054 7e-05 -0.00039 -0.0008669 0.00062 0.00025 -5e-05
0.367 3.65 -0.0928 217.5 0.01052 0.00056 0.00016 -0.00034 -0.001934 0.00063 5e-05 -0.0003
0.367 3.65 -0.0928 232.5 0.009703 0.00056 0.00028 -0.00031 -0.002309 0.00064 0.00042 -7e-05
0.367 3.65 -0.0928 247.5 0.01104 0.00058 0.00018 -0.00049 -0.003005 0.00068 0.00032 -0.00014
0.367 3.65 -0.0928 262.5 0.01297 0.00062 0.00027 -0.00022 -0.003793 0.00072 0.00038 -3e-05
0.367 3.65 -0.0928 277.5 0.01426 0.00066 0.00052 -0.00014 -0.002467 0.00078 0.00024 -0.00036
0.367 3.65 -0.0928 292.5 0.01711 0.00072 0.00043 -0.00024 -0.004928 0.00088 0.00032 -0.00052
0.367 3.65 -0.0928 307.5 0.01966 0.00078 0 -0.00077 -0.004255 0.00094 0.00041 -0.00042
0.367 3.65 -0.0928 322.5 0.02217 0.00085 0.00014 -0.00051 -0.003653 0.001 0.00027 -0.00044
0.367 3.65 -0.0928 337.5 0.02531 0.00097 0.00041 -0.0008 -0.00225 0.0012 0.00035 -0.00058
0.367 3.65 -0.0928 352.5 0.02354 0.001 0.00118 -0.00038 -0.001463 0.0014 0.00056 -0.00065
0.369 3.67 -0.155 7.5 0.02152 0.0015 0.00094 -0.00033 0.001896 0.0014 0.00029 -0.00056
0.369 3.67 -0.155 22.5 0.01662 0.0012 0.001 -0.00014 0.00465 0.0012 0.00012 -0.00051
0.369 3.67 -0.155 37.5 0.01676 0.00094 0.00051 -0.00043 0.004616 0.001 0.00051 -0.00019
0.369 3.67 -0.155 52.5 0.01518 0.00077 0.00039 -0.00016 0.003326 0.00089 0.00025 -0.00025
0.369 3.67 -0.155 67.5 0.0124 0.00067 0.00027 -0.00027 0.004306 0.00078 0.00029 -0.00027
0.369 3.67 -0.155 82.5 0.01033 0.00059 0.00016 -0.00024 0.003037 0.00068 0.00017 -0.00032
0.369 3.67 -0.155 97.5 0.008826 0.00054 0.00013 -0.00013 0.00365 0.00063 0.00021 -0.00017
0.369 3.67 -0.155 112.5 0.00848 0.00052 0.00011 -0.00039 0.001946 0.00058 8e-05 -0.00018
0.369 3.67 -0.155 127.5 0.007736 0.00048 0.00015 -0.00036 0.001445 0.00053 0.00019 -6e-05
0.369 3.67 -0.155 142.5 0.006691 0.00045 0.0002 -4e-05 0.001363 0.00048 0.00032 -0.00011
0.369 3.67 -0.155 157.5 0.007056 0.00045 0.00017 -0.00027 0.00129 0.00048 0 -0.00019
0.369 3.67 -0.155 172.5 0.006699 0.00045 0.00027 -7e-05 -4.1e-05 0.00042 0.00015 -5e-05
0.369 3.67 -0.155 187.5 0.00688 0.00046 0.00021 -0.00019 -0.0003286 0.00057 0.00033 -0.00014
0.369 3.67 -0.155 202.5 0.00709 0.00047 0.00013 -0.00026 6.296e-05 0.00053 0.00014 -0.00041
0.369 3.67 -0.155 217.5 0.007105 0.00048 0.00014 -0.00029 -0.001303 0.00054 0.00019 -0.00014
0.369 3.67 -0.155 232.5 0.007909 0.0005 0.00035 -0.00018 -0.001883 0.00057 1e-05 -0.00034
0.369 3.67 -0.155 247.5 0.00943 0.00054 0.00033 -0.00013 -0.002729 0.00061 0.00014 -0.00012
0.369 3.67 -0.155 262.5 0.009643 0.00057 0.00022 -0.00033 -0.002309 0.00066 0.00023 -0.00018
0.369 3.67 -0.155 277.5 0.01201 0.00062 0 -0.0003 -0.003519 0.00072 0.00036 -0.00015
0.369 3.67 -0.155 292.5 0.01434 0.00069 0.00024 -0.00022 -0.004685 0.00081 0.00031 -0.00019
0.369 3.67 -0.155 307.5 0.0167 0.00075 0.00018 -0.00049 -0.003108 0.0009 0.00041 -0.00048
0.369 3.67 -0.155 322.5 0.01846 0.00091 0.00052 -0.00039 -0.004027 0.0011 0.00035 -0.00031
0.369 3.67 -0.155 337.5 0.02024 0.0012 0.00031 -0.0007 -0.0003989 0.0014 0.00046 -0.00041
0.369 3.67 -0.155 352.5 0.02407 0.0016 0.00073 -0.00081 -0.0006724 0.0018 0.00027 -0.00075
0.37 3.68 -0.216 7.5 0.02249 0.0029 0.00307 -0.00159 -0.002231 0.0026 0.00125 -0.00084
0.37 3.68 -0.216 22.5 0.01557 0.0019 0.00075 -0.0007 0.0008088 0.0019 0.0006 -0.00013
0.37 3.68 -0.216 37.5 0.01178 0.0011 0.001 -0.00035 0.003882 0.0012 0.00121 -0.00033
0.37 3.68 -0.216 52.5 0.01153 0.00079 0.00039 -0.00013 0.002573 0.00092 0.00012 -0.00024
0.37 3.68 -0.216 67.5 0.01058 0.00067 0.00033 -9e-05 0.00387 0.00078 0.00022 -0.00043
0.37 3.68 -0.216 82.5 0.007921 0.00055 0.0003 -0.0002 0.002269 0.00065 0.00035 -0.00018
0.37 3.68 -0.216 97.5 0.00719 0.00051 0.00027 -0.00024 0.002122 0.00059 0.00023 -0.0002
0.37 3.68 -0.216 112.5 0.005998 0.00045 0.00027 -3e-05 0.002092 0.00051 0.00019 -0.00016
0.37 3.68 -0.216 127.5 0.00568 0.00042 0.00011 -0.00016 0.001562 0.00047 9e-05 -0.0002
0.37 3.68 -0.216 142.5 0.004816 0.00039 0.00033 -9e-05 0.001475 0.00043 2e-05 -0.00011
0.37 3.68 -0.216 157.5 0.005219 0.00041 0.00018 -0.00012 -8.164e-05 0.00044 4e-05 -0.00031
0.37 3.68 -0.216 172.5 0.005429 0.00043 0.00013 -0.00015 0.0003328 0.00042 0.00024 -0.0001
0.37 3.68 -0.216 187.5 0.005219 0.00042 0.00023 -0.00015 -0.0001176 0.00051 0.00019 -6e-05
0.37 3.68 -0.216 202.5 0.005402 0.00042 0.00031 -0.00017 -0.0005786 0.00048 8e-05 -0.00017
0.37 3.68 -0.216 217.5 0.006243 0.00046 4e-05 -0.0002 -0.00139 0.00052 0.00016 -0.00014
0.37 3.68 -0.216 232.5 0.005773 0.00044 0.0003 -0.00012 -0.0009979 0.00049 3e-05 -0.00023
0.37 3.68 -0.216 247.5 0.006056 0.00048 0.00017 -0.0001 -0.0016 0.00055 0.0002 -0.00018
0.37 3.68 -0.216 262.5 0.008227 0.00053 0.00038 -0.00026 -0.00237 0.00062 0.0001 -0.00016
0.37 3.68 -0.216 277.5 0.007933 0.00055 0.00044 -0.00018 -0.002732 0.00065 0.00028 -0.00026
0.37 3.68 -0.216 292.5 0.01138 0.00067 0.00022 -0.00032 -0.003107 0.00078 0.00035 -0.00023
0.37 3.68 -0.216 307.5 0.01269 0.00076 0.00052 -0.00066 -0.006048 0.0009 0.00014 -0.00026
0.37 3.68 -0.216 322.5 0.01336 0.0011 0.00041 -0.00025 -0.002581 0.0012 9e-05 -0.00047
0.37 3.68 -0.216 337.5 0.02103 0.002 0.00048 -0.00077 -0.003175 0.002 0.00126 -0.00096
0.37 3.68 -0.216 352.5 0.02372 0.003 0.00101 -0.00186 -0.0001911 0.0032 0.00049 -0.00181
0.37 3.68 -0.304 7.5 0.02255 0.0076 0.0012 -0.00468 0.000676 0.0053 0.00081 -0.00168
0.37 3.68 -0.304 22.5 0.01037 0.003 0.00141 -0.00089 0.003454 0.0026 0.00081 -0.00044
0.37 3.68 -0.304 37.5 0.009176 0.0013 0.00047 -0.00043 0.004224 0.0013 0.00067 -0.00076
0.37 3.68 -0.304 52.5 0.009201 0.00072 0.00021 -0.00023 0.001467 0.00078 0.0003 -0.00032
0.37 3.68 -0.304 67.5 0.007973 0.00053 0.00022 -0.00019 0.002391 0.0006 0.0002 -0.00011
0.37 3.68 -0.304 82.5 0.006426 0.00044 0.00018 -0.00014 0.002364 0.00049 0.0002 -0.00029
0.37 3.68 -0.304 97.5 0.00535 0.00038 0.00018 -9e-05 0.001787 0.00043 7e-05 -0.00011
0.37 3.68 -0.304 112.5 0.004733 0.00033 9e-05 -7e-05 0.001539 0.00036 4e-05 -0.00015
0.37 3.68 -0.304 127.5 0.00404 0.00027 9e-05 -4e-05 0.0007263 0.0003 0.00014 -6e-05
0.37 3.68 -0.304 142.5 0.004271 0.00028 4e-05 -0.00017 0.001201 0.00031 3e-05 -0.00015
0.37 3.68 -0.304 157.5 0.003967 0.00029 0.00014 -8e-05 0.0001087 0.00032 0.0001 -5e-05
0.37 3.68 -0.304 172.5 0.003794 0.00028 0.00023 -2e-05 0.0004762 0.00029 0.00026 -4e-05
0.37 3.68 -0.304 187.5 0.004323 0.0003 0.00013 -2e-05 -0.0001236 0.00037 4e-05 -0.00013
0.37 3.68 -0.304 202.5 0.004443 0.00029 0.0001 -0.00012 -0.0007787 0.00034 0.00013 -0.00011
0.37 3.68 -0.304 217.5 0.004371 0.00029 2e-05 -0.00018 -0.001022 0.00033 0.00016 -0.00011
0.37 3.68 -0.304 232.5 0.004513 0.00029 5e-05 -0.00015 -0.0008877 0.00033 0.00013 -0.00019
0.37 3.68 -0.304 247.5 0.005151 0.00033 0.0001 -0.00014 -0.001781 0.00037 4e-05 -0.00019
0.37 3.68 -0.304 262.5 0.006193 0.00038 6e-05 -0.00023 -0.0016 0.00043 0.00011 -0.00026
0.37 3.68 -0.304 277.5 0.006232 0.0004 0.00018 -0.00024 -0.002223 0.00046 0.00034 -9e-05
0.37 3.68 -0.304 292.5 0.008413 0.00051 0.00012 -0.00031 -0.002532 0.00058 5e-05 -0.00031
0.37 3.68 -0.304 307.5 0.009464 0.00067 0.00032 -0.00021 -0.002545 0.00076 0.00019 -0.00016
0.37 3.68 -0.304 322.5 0.01176 0.0012 0.00055 -0.00035 -0.00261 0.0013 0.00026 -0.00051
0.37 3.68 -0.304 337.5 0.01031 0.0029 0.00035 -0.00171 -0.003865 0.0026 0.0011 -0.00046
0.37 3.68 -0.304 352.5 0.01412 0.0075 0.00181 -0.00294 0.008178 0.0066 0.00158 -0.00127
0.369 4.53 -0.0315 7.5 0.01394 0.00058 0.00016 -0.00043 0.001168 0.00066 0.00014 -8e-05
0.369 4.53 -0.0315 22.5 0.01292 0.00056 0.00029 -0.00051 0.001213 0.00068 7e-05 -0.00031
0.369 4.53 -0.0315 37.5 0.01305 0.00056 0.00014 -0.00045 0.001715 0.00067 0.0003 -0.0004
0.369 4.53 -0.0315 52.5 0.01216 0.00054 0.00025 -0.00021 0.002149 0.00065 0.00032 -0.00035
0.369 4.53 -0.0315 67.5 0.01147 0.00052 0.00044 -0.00019 0.001594 0.00064 0.00033 -0
0.369 4.53 -0.0315 82.5 0.01128 0.00051 0.00031 -0.00037 0.001867 0.00062 0.00011 -0.00035
0.369 4.53 -0.0315 97.5 0.00875 0.00046 0.00029 -0.00013 0.0007955 0.00055 7e-05 -0.00041
0.369 4.53 -0.0315 112.5 0.009145 0.00046 0.00011 -0.00013 0.002048 0.00055 0.00021 -0.00015
0.369 4.53 -0.0315 127.5 0.009035 0.00045 0.00029 -0.00016 0.001103 0.00055 4e-05 -0.00017
0.369 4.53 -0.0315 142.5 0.008383 0.00044 0.00017 -0.0001 0.001757 0.00052 9e-05 -0.00027
0.369 4.53 -0.0315 157.5 0.008281 0.00044 5e-05 -0.00026 0.00069 0.00053 8e-05 -0.00025
0.369 4.53 -0.0315 172.5 0.00798 0.00043 0 -0.00031 -0.0002661 0.00049 0.00014 -0.00022
0.369 4.53 -0.0315 187.5 0.007743 0.00043 0.00017 -0.00013 -0.0007989 0.00056 0.00032 -0.00018
0.369 4.53 -0.0315 202.5 0.008409 0.00045 0.00016 -0.0002 7.796e-05 0.00057 8e-05 -0.00013
0.369 4.53 -0.0315 217.5 0.00853 0.00045 0.00017 -3e-05 -0.0002857 0.00056 0.00013 -0.00017
0.369 4.53 -0.0315 232.5 0.009909 0.00049 0.00043 -5e-05 -0.001987 0.0006 0.00037 -8e-05
0.369 4.53 -0.0315 247.5 0.009694 0.00049 0.00032 -0.00022 -0.001328 0.0006 0.00036 -0.00013
0.369 4.53 -0.0315 262.5 0.01021 0.00049 0.00032 -0.0001 -0.001544 0.00061 0.00014 -0.00016
0.369 4.53 -0.0315 277.5 0.01093 0.00051 0.00016 -0.00037 -0.003143 0.00063 7e-05 -0.0003
0.369 4.53 -0.0315 292.5 0.01223 0.00054 0.0003 -0.00028 -0.0004291 0.00066 0.00029 -0.00037
0.369 4.53 -0.0315 307.5 0.01236 0.00054 0.00024 -0.00021 -0.002192 0.00067 0.00031 -0.00023
0.369 4.53 -0.0315 322.5 0.01382 0.00057 0.00015 -0.0003 -0.00185 0.0007 0.00027 -0.00024
0.369 4.53 -0.0315 337.5 0.01543 0.00061 0.00021 -0.00037 -0.0005417 0.00074 0.00015 -0.00018
0.369 4.53 -0.0315 352.5 0.01376 0.00058 0.00039 -0.00031 -0.0007057 0.00075 0.00025 -8e-05
0.37 4.55 -0.0928 7.5 0.01389 0.00073 0.00056 -0.00041 0.0007314 0.00082 5e-05 -0.00035
0.37 4.55 -0.0928 22.5 0.01177 0.00065 0.00033 -0.00023 0.002187 0.00075 0.00024 -0.00026
0.37 4.55 -0.0928 37.5 0.009537 0.00054 0.00012 -9e-05 0.001026 0.00063 0.00032 -0.00011
0.37 4.55 -0.0928 52.5 0.008787 0.00048 0.00026 -0.00018 0.001896 0.00059 6e-05 -0.00018
0.37 4.55 -0.0928 67.5 0.008767 0.00047 0.00018 -0.0003 0.003003 0.00057 0.00018 -0.00017
0.37 4.55 -0.0928 82.5 0.007836 0.00044 8e-05 -0.00022 0.003644 0.00053 0.00013 -0.00018
0.37 4.55 -0.0928 97.5 0.007402 0.00043 0.00031 -4e-05 0.002105 0.00051 0.00033 -6e-05
0.37 4.55 -0.0928 112.5 0.00655 0.0004 0.00027 -0.00016 0.001023 0.00048 0.0002 -1e-05
0.37 4.55 -0.0928 127.5 0.006832 0.0004 0.00031 -0.00011 0.002052 0.00047 0.00012 -0.00012
0.37 4.55 -0.0928 142.5 0.006091 0.00037 7e-05 -0.00014 0.001129 0.00044 0.00021 -0.00012
0.37 4.55 -0.0928 157.5 0.006045 0.00037 0.0001 -0.0001 -0.0002656 0.00043 0.00016 -0.00011
0.37 4.55 -0.0928 172.5 0.005298 0.00034 0.0001 -0.0002 0.0004071 0.00039 8e-05 -0.0002
0.37 4.55 -0.0928 187.5 0.005946 0.00037 0.00016 -0.0001 0.0007945 0.00045 0.00015 -0.00024
0.37 4.55 -0.0928 202.5 0.005076 0.00035 0.00015 -0.00014 -0.0001438 0.00042 0.00012 -0.00025
0.37 4.55 -0.0928 217.5 0.007077 0.00041 0.00025 -0.00022 -0.001138 0.00048 0.00018 -5e-05
0.37 4.55 -0.0928 232.5 0.006155 0.0004 0.00029 -0.00021 -0.001613 0.00048 1e-05 -0.00034
0.37 4.55 -0.0928 247.5 0.006243 0.0004 0.00025 -0.00017 -0.001633 0.00049 7e-05 -0.00018
0.37 4.55 -0.0928 262.5 0.00709 0.00042 0.00024 -0.00013 -0.002365 0.00051 0.00028 -0.00012
0.37 4.55 -0.0928 277.5 0.008125 0.00045 0.00028 -0.00014 -0.001941 0.00055 0.0001 -0.00038
0.37 4.55 -0.0928 292.5 0.01028 0.00049 0.0002 -0.00026 -0.00353 0.00061 0.00058 -0.00011
0.37 4.55 -0.0928 307.5 0.01114 0.00052 0.00044 -8e-05 -0.001531 0.00063 0.00033 -0
0.37 4.55 -0.0928 322.5 0.01281 0.0006 0.00035 -0.00034 -0.002669 0.00073 0.00034 -8e-05
0.37 4.55 -0.0928 337.5 0.01276 0.00064 0.00045 -0.00012 -0.0004734 0.00076 0.00021 -0.00031
0.37 4.55 -0.0928 352.5 0.01299 0.0007 0.00049 -0.00017 -0.0006543 0.00084 0.00038 -0.00042
0.372 4.57 -0.154 7.5 0.0105 0.001 0.00056 -0.0004 0.0001162 0.001 0.0006 -0.00046
0.372 4.57 -0.154 22.5 0.009512 0.00082 0.00012 -0.00031 0.001108 0.00088 0.00025 -0.00058
0.372 4.57 -0.154 37.5 0.008077 0.00062 0.00023 -8e-05 0.002602 0.00072 0.00035 -0.0002
0.372 4.57 -0.154 52.5 0.007483 0.00051 0.00031 -0.00032 0.00294 0.0006 0.00035 -8e-05
0.372 4.57 -0.154 67.5 0.007077 0.00045 0.00019 -0.0001 0.002231 0.00053 0.00023 -0.00013
0.372 4.57 -0.154 82.5 0.006184 0.00041 0.00011 -0.00012 0.001947 0.00047 0.00014 -0.00019
0.372 4.57 -0.154 97.5 0.005065 0.00037 0.00029 -9e-05 0.001063 0.00042 0.00019 -5e-05
0.372 4.57 -0.154 112.5 0.004502 0.00033 0.0001 -6e-05 0.001095 0.00037 3e-05 -0.00028
0.372 4.57 -0.154 127.5 0.004649 0.00032 0.00013 -0.00019 0.00118 0.00035 8e-05 -0.00021
0.372 4.57 -0.154 142.5 0.004493 0.00031 0.00012 -0.00012 0.0005342 0.00034 7e-05 -0.00019
0.372 4.57 -0.154 157.5 0.003619 0.00029 9e-05 -0.00017 0.0002274 0.00029 4e-05 -0.00011
0.372 4.57 -0.154 172.5 0.003857 0.00029 5e-05 -0.00013 0.0003356 0.00029 6e-05 -3e-05
0.372 4.57 -0.154 187.5 0.003424 0.00027 0.00011 -0.00014 -0.0001578 0.00029 8e-05 -0.00021
0.372 4.57 -0.154 202.5 0.003921 0.00031 3e-05 -0.0001 -0.000373 0.00032 9e-05 -0.00016
0.372 4.57 -0.154 217.5 0.004428 0.00033 0.00015 -0.00018 -0.0007056 0.00035 0.00016 -5e-05
0.372 4.57 -0.154 232.5 0.004981 0.00034 0.00021 -7e-05 -0.0006508 0.00038 0.00015 -0.00013
0.372 4.57 -0.154 247.5 0.005783 0.00038 0.00014 -8e-05 -0.001189 0.00043 0.0001 -0.00016
0.372 4.57 -0.154 262.5 0.005747 0.00038 0.00035 -0.00011 -0.00115 0.00045 0.00014 -0.00031
0.372 4.57 -0.154 277.5 0.006263 0.0004 0.00036 -6e-05 -0.001207 0.00047 0.00016 -0.00012
0.372 4.57 -0.154 292.5 0.007646 0.00046 0.00032 -0.00017 -0.001576 0.00054 0.00028 -0.00022
0.372 4.57 -0.154 307.5 0.009483 0.00052 0.00028 -0.00036 -0.002556 0.00062 0.00011 -0.0002
0.372 4.57 -0.154 322.5 0.009469 0.00064 0.00041 -0.00024 -0.001293 0.00073 0.00032 -0.00028
0.372 4.57 -0.154 337.5 0.01134 0.00084 0.00045 -0.00032 -0.0008986 0.0009 0.00056 -0
0.372 4.57 -0.154 352.5 0.01109 0.001 0.00041 -0.00021 -0.0004121 0.0011 0.00063 -0.0002
0.373 4.58 -0.216 7.5 0.009371 0.0016 0.00037 -0.0005 0.0005281 0.0015 0.00072 -0.0001
0.373 4.58 -0.216 22.5 0.008437 0.0012 0.0003 -0.00053 0.001949 0.0012 0.00059 -0.00064
0.373 4.58 -0.216 37.5 0.006975 0.00079 0.00031 -0.0003 0.001814 0.00085 0.00013 -0.00032
0.373 4.58 -0.216 52.5 0.007012 0.00058 0.00039 -0.00011 0.001709 0.00067 0.00035 -0.00027
0.373 4.58 -0.216 67.5 0.005358 0.00047 0.00012 -0.00019 0.001297 0.00055 0.00018 -0.0002
0.373 4.58 -0.216 82.5 0.005552 0.00044 0.0001 -9e-05 0.001973 0.00051 0.00024 -7e-05
0.373 4.58 -0.216 97.5 0.004376 0.00037 0.00013 -0.00014 0.001651 0.00043 9e-05 -0.00024
0.373 4.58 -0.216 112.5 0.003899 0.00034 0.00016 -0.00011 0.001556 0.00039 4e-05 -0.00017
0.373 4.58 -0.216 127.5 0.003412 0.0003 0.00018 -5e-05 0.001007 0.00034 0.0002 -2e-05
0.373 4.58 -0.216 142.5 0.003404 0.00029 8e-05 -0.0001 0.0005498 0.00035 0.00012 -0.0002
0.373 4.58 -0.216 157.5 0.003016 0.00027 9e-05 -0.00011 0.00112 0.00032 0.00011 -0.00011
0.373 4.58 -0.216 172.5 0.002956 0.00027 0.0002 -2e-05 0.0003413 0.00032 0.00019 -0.00014
0.373 4.58 -0.216 187.5 0.003348 0.00029 0.0001 -6e-05 -0.000244 0.00036 0.00014 -5e-05
0.373 4.58 -0.216 202.5 0.002851 0.00027 0.00013 -5e-05 -3.915e-06 0.00033 0.00015 -2e-05
0.373 4.58 -0.216 217.5 0.00294 0.00029 0.00013 -0.0001 -6.727e-05 0.00035 7e-05 -0.00019
0.373 4.58 -0.216 232.5 0.003603 0.00032 0.00016 -0.00011 -0.001031 0.00037 0.00013 -1e-05
0.373 4.58 -0.216 247.5 0.004179 0.00035 9e-05 -0.00016 -0.001142 0.00042 0.00015 -7e-05
0.373 4.58 -0.216 262.5 0.004717 0.00038 0.00016 -0.0002 -0.0007779 0.00045 0.00021 -5e-05
0.373 4.58 -0.216 277.5 0.005601 0.00043 0.00021 -0.00029 -0.001461 0.0005 0.00031 -6e-05
0.373 4.58 -0.216 292.5 0.006751 0.00049 0.00014 -0.00015 -0.00269 0.00057 0.00021 -0.00015
0.373 4.58 -0.216 307.5 0.00784 0.00058 0.00019 -0.00012 -0.002867 0.00067 0.00025 -0.00031
0.373 4.58 -0.216 322.5 0.008971 0.00081 0.00043 -0.00023 -0.001553 0.00088 0.00033 -6e-05
0.373 4.58 -0.216 337.5 0.00939 0.0012 0.00024 -0.00037 -0.002417 0.0012 0.00028 -0.00022
0.373 4.58 -0.216 352.5 0.01118 0.0017 0.00057 -0.00051 0.001723 0.0017 0.0005 -0.00093
0.371 4.57 -0.303 7.5 0.01178 0.0035 0.00054 -0.00105 -0.005395 0.003 0.00081 -0.00123
0.371 4.57 -0.303 22.5 0.005897 0.0017 0.00053 -0.00061 0.0006117 0.0016 0.00074 -0.00024
0.371 4.57 -0.303 37.5 0.005605 0.00091 0.00041 -0.00023 0.00209 0.00092 0.00031 -8e-05
0.371 4.57 -0.303 52.5 0.004847 0.00054 0.00019 -0.00011 0.0007616 0.00059 0.00031 -9e-05
0.371 4.57 -0.303 67.5 0.004156 0.00039 0.00027 -9e-05 0.000955 0.00044 0.00014 -9e-05
0.371 4.57 -0.303 82.5 0.003389 0.00031 1e-05 -0.00019 0.001092 0.00036 0.00013 -0.00016
0.371 4.57 -0.303 97.5 0.002945 0.00028 7e-05 -8e-05 0.001014 0.00031 0.00013 -3e-05
0.371 4.57 -0.303 112.5 0.002871 0.00024 7e-05 -5e-05 0.0008507 0.00028 9e-05 -7e-05
0.371 4.57 -0.303 127.5 0.002335 0.0002 0.0001 -0 0.0007581 0.00024 0.0001 -1e-05
0.371 4.57 -0.303 142.5 0.002666 0.0002 4e-05 -9e-05 0.0006041 0.00023 0.00011 -8e-05
0.371 4.57 -0.303 157.5 0.00215 0.00019 0.0001 -0.00012 0.0002739 0.00022 7e-05 -1e-05
0.371 4.57 -0.303 172.5 0.002492 0.00021 8e-05 -9e-05 0.0001677 0.00023 1e-05 -0.00011
0.371 4.57 -0.303 187.5 0.002404 0.0002 7e-05 -6e-05 -0.000295 0.00023 0.00012 -2e-05
0.371 4.57 -0.303 202.5 0.002114 0.00019 7e-05 -0 -5.446e-05 0.00022 5e-05 -2e-05
0.371 4.57 -0.303 217.5 0.00248 0.0002 3e-05 -7e-05 -0.0003527 0.00023 7e-05 -6e-05
0.371 4.57 -0.303 232.5 0.002597 0.00021 0.00013 -7e-05 -0.0003681 0.00025 4e-05 -9e-05
0.371 4.57 -0.303 247.5 0.003176 0.00025 9e-05 -7e-05 -0.001208 0.00029 0.00011 -0.00018
0.371 4.57 -0.303 262.5 0.003481 0.00028 0.0001 -7e-05 -0.001388 0.00033 6e-05 -0.00019
0.371 4.57 -0.303 277.5 0.003734 0.00032 0.00015 -6e-05 -0.001197 0.00036 0.00013 -9e-05
0.371 4.57 -0.303 292.5 0.004829 0.00039 0.00011 -0.00019 -0.00258 0.00045 0.00019 -0.00012
0.371 4.57 -0.303 307.5 0.00534 0.00051 0.00018 -0.00018 -0.001305 0.00057 0.00018 -2e-05
0.371 4.57 -0.303 322.5 0.007007 0.00087 0.00041 -0.00024 -0.001866 0.00088 0.00057 -0.00027
0.371 4.57 -0.303 337.5 0.01096 0.0019 0.00072 -0.00071 -0.004628 0.0017 0.00138 -0.00015
0.371 4.57 -0.303 352.5 0.01276 0.0032 0.00139 -0.0017 0.001392 0.0031 0.00061 -0.00031
0.483 2.71 -0.0218 7.5 0.02739 0.0027 0.001 -0.0012 -0.0005912 0.0019 0.00036 -0.00067
0.483 2.71 -0.0218 22.5 0.02869 0.0026 0 -0.00137 0.001553 0.0021 0.00167 -0.0006
0.483 2.71 -0.0218 37.5 0.02329 0.0024 0.0007 -0.00092 -0.0001244 0.002 0.0007 -0.00054
0.483 2.71 -0.0218 52.5 0.0276 0.0024 0.00088 -0.00076 0.001401 0.002 0.00117 -0.00034
0.483 2.71 -0.0218 67.5 0.024 0.0023 0.00282 -0.00022 -0.001354 0.002 0.00034 -0.00061
0.483 2.71 -0.0218 82.5 0.02303 0.0022 0.00174 -0.00015 0.002246 0.0019 0.00073 -0.00099
0.483 2.71 -0.0218 97.5 0.0184 0.002 0.00041 -0.00039 -6.433e-05 0.0018 0.00054 -0.00057
0.483 2.71 -0.0218 112.5 0.02238 0.0021 0.00118 -0.00057 0.001399 0.0019 0.00128 -0.00058
0.483 2.71 -0.0218 127.5 0.02393 0.0021 0.00026 -0.00075 0.0009683 0.0019 0.00113 -0.00057
0.483 2.71 -0.0218 142.5 0.02085 0.0021 0.00031 -0.00132 -0.0005443 0.0018 0.00124 -0.00078
0.483 2.71 -0.0218 157.5 0.02082 0.002 0.00067 -0.00097 -0.0008722 0.0018 0.00094 -0.0009
0.483 2.71 -0.0218 172.5 0.02231 0.0021 0.00056 -0.00121 0.002924 0.0017 0.00052 -0.00112
0.483 2.71 -0.0218 187.5 0.02313 0.0021 6e-05 -0.00104 0.0001551 0.0024 0.00043 -0.00095
0.483 2.71 -0.0218 202.5 0.02221 0.0021 0.00064 -0.0018 -5.644e-05 0.0021 0.00095 -0.00079
0.483 2.71 -0.0218 217.5 0.01868 0.002 0.00163 -0.00017 -0.0008169 0.002 0.00056 -0.00067
0.483 2.71 -0.0218 232.5 0.01966 0.002 0.00069 -0.0008 -0.003247 0.0021 0.00024 -0.00145
0.483 2.71 -0.0218 247.5 0.02016 0.0021 0.00073 -0.00024 -0.0004242 0.0021 0.0011 -0.00035
0.483 2.71 -0.0218 262.5 0.02335 0.0022 0.00108 -0.00049 0.001999 0.0022 0.00071 -0.00095
0.483 2.71 -0.0218 277.5 0.02211 0.0022 7e-05 -0.00159 -0.002743 0.0022 0.0006 -0.00069
0.483 2.71 -0.0218 292.5 0.02401 0.0024 0.00061 -0.00015 -0.001346 0.0022 0.00048 -0.00048
0.483 2.71 -0.0218 307.5 0.02835 0.0025 0.00094 -0.00115 -0.005536 0.0023 0.00097 -0.00085
0.483 2.71 -0.0218 322.5 0.02754 0.0026 0.00073 -0.00091 0.003485 0.0024 0.00133 -0.00092
0.483 2.71 -0.0218 337.5 0.02854 0.0027 0.00095 -0.00062 -0.001545 0.0025 0.00145 -0.00135
0.483 2.71 -0.0218 352.5 0.02629 0.0027 0.00129 -0.00083 -8.652e-05 0.0029 0.00078 -0.00129
0.483 2.71 -0.0643 7.5 0.02549 0.0035 0.00164 -0.00185 -0.0003928 0.0037 0.00156 -0.00097
0.483 2.71 -0.0643 22.5 0.0275 0.0032 0.0008 -0.00212 -0.003695 0.0037 0.00135 -0.00067
0.483 2.71 -0.0643 37.5 0.0257 0.0028 0.00091 -0.00024 0.004045 0.0032 0.00102 -0.00105
0.483 2.71 -0.0643 52.5 0.02224 0.0025 0.0013 -0.00132 0.003825 0.0028 0.00048 -0.00042
0.483 2.71 -0.0643 67.5 0.02092 0.0022 0.00052 -0.00064 0.01015 0.0026 0.00073 -0.00259
0.483 2.71 -0.0643 82.5 0.02043 0.0021 0.00051 -0.0003 0.004776 0.0024 0.00072 -0.00095
0.483 2.71 -0.0643 97.5 0.01553 0.002 0.00122 -0.00135 0.006057 0.0023 0.00122 -0.00068
0.483 2.71 -0.0643 112.5 0.01764 0.002 0.00021 -0.00131 0.002481 0.0023 0.00094 -0.00071
0.483 2.71 -0.0643 127.5 0.01629 0.0018 0.00074 -0.00056 0.002932 0.0021 0.00026 -0.00132
0.483 2.71 -0.0643 142.5 0.01423 0.0017 0.001 -0.00011 0.002712 0.002 0.00156 -0.00038
0.483 2.71 -0.0643 157.5 0.0143 0.0018 0.00121 -0.0005 -0.001053 0.002 0.00147 -0
0.483 2.71 -0.0643 172.5 0.01194 0.0017 0.00064 -0.00156 0.0001916 0.002 0.00048 -0.00026
0.483 2.71 -0.0643 187.5 0.01639 0.0018 0.0005 -0.0018 0.006906 0.0025 0.00027 -0.00075
0.483 2.71 -0.0643 202.5 0.01862 0.0019 0.00194 -0.00055 -0.0002902 0.0024 0.00063 -0.00078
0.483 2.71 -0.0643 217.5 0.01804 0.0019 0.00032 -0.00086 -0.002236 0.0024 0.00123 -0.00011
0.483 2.71 -0.0643 232.5 0.01375 0.0019 0.00146 -0.00066 -0.008006 0.0023 0.00062 -0.00083
0.483 2.71 -0.0643 247.5 0.0154 0.002 0.00028 -0.0004 7.624e-05 0.0024 0.0006 -0.00154
0.483 2.71 -0.0643 262.5 0.02347 0.0022 0.00065 -0.00071 -0.006163 0.0026 0.00143 -0.00084
0.483 2.71 -0.0643 277.5 0.02409 0.0024 0.00169 -0.00154 -0.001978 0.0028 0.0009 -0.00089
0.483 2.71 -0.0643 292.5 0.0208 0.0024 0.00061 -0.00066 -0.002175 0.0029 0.0009 -0.0011
0.483 2.71 -0.0643 307.5 0.02711 0.0026 0.00185 -0.00191 -0.0003025 0.0032 0.00171 -0.00176
0.483 2.71 -0.0643 322.5 0.02834 0.0029 0.00254 -0.00176 -0.005398 0.0035 0.00027 -0.00088
0.483 2.71 -0.0643 337.5 0.0248 0.0031 0.00154 -0.00079 -0.005398 0.0037 0.00216 -0.00099
0.483 2.71 -0.0643 352.5 0.02869 0.0034 0.00142 -0.00056 -0.003832 0.0046 0.00046 -0.00301
0.484 2.71 -0.107 7.5 0.03079 0.0063 0.00367 -0.001 0.006684 0.0063 0.00415 -0.00454
0.484 2.71 -0.107 22.5 0.03101 0.0047 0.00136 -0.00091 -0.002406 0.0053 0.00071 -0.00267
0.484 2.71 -0.107 37.5 0.0236 0.0034 0.00221 -0.00067 0.002744 0.004 0.00158 -0.00068
0.484 2.71 -0.107 52.5 0.02093 0.0026 0.00047 -0.00134 0.003714 0.003 0.00073 -0.00087
0.484 2.71 -0.107 67.5 0.02138 0.0023 0.00061 -0.0011 0.003129 0.0025 0.00081 -0.00061
0.484 2.71 -0.107 82.5 0.01827 0.0021 0.0004 -0.00126 0.00658 0.0023 0.00094 -0.00096
0.484 2.71 -0.107 97.5 0.0122 0.002 0.00041 -0.00112 -0.000314 0.0021 0.0007 -0.00056
0.484 2.71 -0.107 112.5 0.01726 0.0019 0.00121 -0.00123 0.003626 0.0019 0.00066 -0.00018
0.484 2.71 -0.107 127.5 0.01321 0.0017 0.00017 -0.00085 0.0006844 0.0017 0.00072 -0.00167
0.484 2.71 -0.107 142.5 0.0119 0.0017 0.00035 -0.0007 0.002582 0.0016 0.00074 -0.00092
0.484 2.71 -0.107 157.5 0.01558 0.002 0.00126 -0.00126 0.0008536 0.0018 0.00093 -0.00053
0.484 2.71 -0.107 172.5 0.01149 0.0019 0.00093 -0.00054 1.849e-05 0.0017 0.00066 -0.00093
0.484 2.71 -0.107 187.5 0.01407 0.002 0.00011 -0.00096 0.002045 0.002 8e-05 -0.00151
0.484 2.71 -0.107 202.5 0.01506 0.002 0.00058 -0.00041 -0.0003012 0.0019 0.00173 -0.00026
0.484 2.71 -0.107 217.5 0.01409 0.0019 0.00039 -0.00166 0.001645 0.0018 0.00056 -0.00021
0.484 2.71 -0.107 232.5 0.01805 0.002 0.0001 -0.00084 -0.003823 0.002 0.00233 -0.00039
0.484 2.71 -0.107 247.5 0.01567 0.0021 0.00018 -0.00106 -0.002394 0.002 0.00065 -0.00064
0.484 2.71 -0.107 262.5 0.01838 0.0022 0.00021 -0.00092 -0.001578 0.0023 0.00069 -0.00141
0.484 2.71 -0.107 277.5 0.01734 0.0023 0.00067 -0.00069 -0.003989 0.0025 0.00054 -0.00108
0.484 2.71 -0.107 292.5 0.0239 0.0027 0 -0.00153 -0.0005692 0.003 0.00118 -0.00161
0.484 2.71 -0.107 307.5 0.01972 0.0029 0.00033 -0.00091 -0.001804 0.0034 0.00038 -0.00145
0.484 2.71 -0.107 322.5 0.02542 0.0036 0.00321 -0 -0.005353 0.0042 0.00233 -5e-05
0.484 2.71 -0.107 337.5 0.02301 0.0047 0.00073 -0.00195 -0.005883 0.0054 0.00153 -0.00196
0.484 2.71 -0.107 352.5 0.03108 0.0057 7e-05 -0.0035 -0.0022 0.007 0.00415 -0.00081
0.485 2.71 -0.15 7.5 0.007584 0.017 0.01125 -0.0049 -0.0003403 0.0019 0.00956 -0.0014
0.485 2.71 -0.15 22.5 0.04246 0.0097 0.00265 -0.00731 0.001381 0.004 0.00028 -0.00276
0.485 2.71 -0.15 37.5 0.01271 0.0043 0.00305 -0.00138 0.003211 0.003 0.0008 -0.00236
0.485 2.71 -0.15 52.5 0.01936 0.0029 0.00026 -0.00144 -0.001585 0.0026 0.00056 -0.00035
0.485 2.71 -0.15 67.5 0.01545 0.0024 0.001 -0.00081 0.002612 0.0024 0.00066 -0.00097
0.485 2.71 -0.15 82.5 0.01916 0.0022 0.00119 -0.00035 0.003974 0.0024 0.00048 -0.00037
0.485 2.71 -0.15 97.5 0.01501 0.002 0.00069 -0.00148 0.002617 0.0023 0.00091 -0.00171
0.485 2.71 -0.15 112.5 0.0106 0.0018 0.00151 -0.00054 0.004347 0.002 0.00117 -0.00069
0.485 2.71 -0.15 127.5 0.01012 0.0017 0.00061 -0.00036 0.001195 0.002 0.00085 -0.00024
0.485 2.71 -0.15 142.5 0.0115 0.0017 0.00027 -0.00049 0.0001245 0.0021 0.00061 -0.0004
0.485 2.71 -0.15 157.5 0.01394 0.002 0.00046 -0.00077 0.002309 0.0023 0.00064 -0.00026
0.485 2.71 -0.15 172.5 0.01379 0.0022 0.00096 -0.00106 0.002543 0.0025 0.00094 -0.00117
0.485 2.71 -0.15 187.5 0.01621 0.0024 0.00023 -0.00107 0.004805 0.003 0.00113 -0.00148
0.485 2.71 -0.15 202.5 0.01269 0.0021 0.00087 -0.00032 -0.008896 0.0026 0.00024 -0.00265
0.485 2.71 -0.15 217.5 0.0113 0.0019 0.00174 -0.00076 -0.003437 0.0024 0.00115 -0.001
0.485 2.71 -0.15 232.5 0.01357 0.0019 0.00043 -0.00126 0.0001336 0.0023 0.00161 -0.00097
0.485 2.71 -0.15 247.5 0.01555 0.0021 0.00017 -0.00062 -0.00331 0.0024 0.0003 -0.00082
0.485 2.71 -0.15 262.5 0.01672 0.0021 0.00053 -0.00036 -0.004922 0.0026 0.00058 -0.0011
0.485 2.71 -0.15 277.5 0.01827 0.0022 0.00091 -0.00106 -0.006523 0.0026 0.00141 -0.0002
0.485 2.71 -0.15 292.5 0.01841 0.0026 0.00139 -0.00133 -0.005433 0.0028 0.00081 -0.00089
0.485 2.71 -0.15 307.5 0.01835 0.0031 0.00067 -0.00155 -0.001264 0.003 0.00127 -0.00074
0.485 2.71 -0.15 322.5 0.02408 0.0049 0.0005 -0.00277 0.001281 0.0036 0.00088 -0.00337
0.485 2.71 -0.15 337.5 0.02057 0.01 0.00265 -0.00221 -7.086e-05 0.0044 0.00093 -0.00118
0.485 2.71 -0.15 352.5 0.05082 0.02 0.00606 -0.009 -5.466e-05 0.003 0.00402 -0.01231
0.485 2.72 -0.21 7.5 0.2031 0.13 0.00117 -0.12099 -0.1075 0.14 0.07798 -0.03625
0.485 2.72 -0.21 22.5 0.03541 0.03 0.01732 -0.01214 0.02154 0.029 0.02246 -0.00372
0.485 2.72 -0.21 37.5 0.02175 0.0068 0.00125 -0.00542 0.004827 0.0074 0.0036 -0.00361
0.485 2.72 -0.21 52.5 0.01315 0.0027 0.00089 -0.00086 0.003032 0.0031 0.00086 -0.00133
0.485 2.72 -0.21 67.5 0.01207 0.002 0.00076 -0.00079 0.003426 0.0022 0.00126 -0.00093
0.485 2.72 -0.21 82.5 0.01359 0.0017 0.0004 -0.00107 0.0001781 0.0019 0.00047 -0.00051
0.485 2.72 -0.21 97.5 0.01408 0.0017 0.00067 -0.00013 0.003256 0.0019 0.00026 -0.00124
0.485 2.72 -0.21 112.5 0.01368 0.0014 0.00081 -0.00013 0.002783 0.0015 0.00058 -0.00053
0.485 2.72 -0.21 127.5 0.007572 0.0012 0.00054 -0.00031 0.0007795 0.0013 0.0006 -0.00032
0.485 2.72 -0.21 142.5 0.009899 0.0014 0.00078 -0.00081 0.002335 0.0014 0.0002 -0.00056
0.485 2.72 -0.21 157.5 0.01279 0.0016 0.00102 -0.00046 -0.0003878 0.0016 0.00054 -0.00044
0.485 2.72 -0.21 172.5 0.01844 0.0022 0.00087 -0.00117 0.00587 0.002 0.00065 -0.00137
0.485 2.72 -0.21 187.5 0.02063 0.0022 0.00106 -0.00171 -0.0009223 0.0022 0.00064 -0.00063
0.485 2.72 -0.21 202.5 0.01447 0.0018 0.00026 -0.00107 0.0008835 0.0017 0.00092 -0.00021
0.485 2.72 -0.21 217.5 0.01027 0.0015 0.00068 -7e-05 -0.0005083 0.0015 0.00017 -0.0005
0.485 2.72 -0.21 232.5 0.0134 0.0016 0.00023 -0.00104 -0.0005293 0.0016 0.00048 -0.00041
0.485 2.72 -0.21 247.5 0.01227 0.0015 0.00042 -0.00031 -0.0009661 0.0016 0.00088 -0.00037
0.485 2.72 -0.21 262.5 0.01045 0.0014 0.00145 -0.00017 -0.006099 0.0016 0.00035 -0.00081
0.485 2.72 -0.21 277.5 0.01724 0.0017 0.00062 -0.00042 -0.003671 0.002 0.00044 -0.00028
0.485 2.72 -0.21 292.5 0.01914 0.0021 0.00107 -9e-05 -0.007732 0.0024 0.00163 -0.00055
0.485 2.72 -0.21 307.5 0.01661 0.0034 0.00185 -0.001 -0.004168 0.0039 0.00173 -0.00171
0.485 2.72 -0.21 322.5 0.008065 0.0072 0.00625 -0.00304 -0.0144 0.0079 0.0046 -0.00737
0.485 2.72 -0.21 337.5 -0.02318 0.038 0.03816 -0.00289 -0.02318 0.038 0.01579 -0.02743
0.485 2.72 -0.21 352.5 -0.09057 0.091 0.08773 -0.06939 -0.006482 0.12 0.05285 -0.23401
0.497 4.5 -0.0313 7.5 0.003385 0.00022 5e-05 -0.0001 2.222e-05 0.00032 4e-05 -0.00024
0.497 4.5 -0.0313 22.5 0.003569 0.00023 0.00013 -0.00011 0.0005429 0.00031 0.00012 -3e-05
0.497 4.5 -0.0313 37.5 0.003277 0.00021 8e-05 -7e-05 0.0001538 0.00027 0.00014 -0.00017
0.497 4.5 -0.0313 52.5 0.003432 0.00021 0.00017 -6e-05 -1.758e-05 0.00026 0.00015 -4e-05
0.497 4.5 -0.0313 67.5 0.003261 0.0002 0.00012 -6e-05 0.0002438 0.00024 8e-05 -0.00011
0.497 4.5 -0.0313 82.5 0.003463 0.0002 8e-05 -0.00014 0.000509 0.00025 7e-05 -9e-05
0.497 4.5 -0.0313 97.5 0.003016 0.0002 0.00014 -0.00011 0.0004945 0.00024 0.0001 -3e-05
0.497 4.5 -0.0313 112.5 0.003019 0.00019 0.00014 -9e-05 0.0003387 0.00022 8e-05 -6e-05
0.497 4.5 -0.0313 127.5 0.003074 0.00019 0 -0.00014 0.0002745 0.00023 0.00022 -6e-05
0.497 4.5 -0.0313 142.5 0.002905 0.00019 3e-05 -6e-05 0.0001661 0.00022 5e-05 -0.00013
0.497 4.5 -0.0313 157.5 0.002794 0.00019 0.00011 -9e-05 -0.0001694 0.00022 5e-05 -5e-05
0.497 4.5 -0.0313 172.5 0.002616 0.00018 7e-05 -4e-05 -0.000302 0.00023 0.00012 -4e-05
0.497 4.5 -0.0313 187.5 0.00292 0.00019 0.00014 -0.00011 -8.386e-05 0.0002 0.0001 -7e-05
0.497 4.5 -0.0313 202.5 0.003145 0.0002 9e-05 -0.00011 -0.000182 0.00022 8e-05 -8e-05
0.497 4.5 -0.0313 217.5 0.002593 0.00019 9e-05 -6e-05 3.216e-06 0.00021 5e-05 -9e-05
0.497 4.5 -0.0313 232.5 0.002531 0.00018 5e-05 -0.00011 -0.0003909 0.00021 7e-05 -3e-05
0.497 4.5 -0.0313 247.5 0.002996 0.0002 0.00012 -8e-05 -0.0004671 0.00023 7e-05 -8e-05
0.497 4.5 -0.0313 262.5 0.003412 0.00021 0.00013 -0.00012 -0.0007404 0.00024 4e-05 -9e-05
0.497 4.5 -0.0313 277.5 0.003266 0.0002 6e-05 -9e-05 -0.0005999 0.00024 5e-05 -0.00013
0.497 4.5 -0.0313 292.5 0.003704 0.00021 0.00011 -8e-05 -0.0005461 0.00025 8e-05 -8e-05
0.497 4.5 -0.0313 307.5 0.002956 0.00019 5e-05 -0.0001 -0.0004212 0.00024 0.00011 -6e-05
0.497 4.5 -0.0313 322.5 0.00329 0.0002 0.00013 -5e-05 -0.0006256 0.00025 0.00011 -3e-05
0.497 4.5 -0.0313 337.5 0.003354 0.00022 0.00013 -8e-05 7.686e-05 0.00026 3e-05 -6e-05
0.497 4.5 -0.0313 352.5 0.003541 0.00022 0.00015 -1e-05 -7.159e-05 0.00026 2e-05 -9e-05
0.501 4.53 -0.0926 7.5 0.002366 0.00029 8e-05 -0.00013 0.0003497 0.00032 2e-05 -6e-05
0.501 4.53 -0.0926 22.5 0.002609 0.00027 0.00011 -8e-05 0.0002349 0.00028 5e-05 -0.00018
0.501 4.53 -0.0926 37.5 0.003072 0.00025 5e-05 -7e-05 0.0002097 0.00028 4e-05 -0.00017
0.501 4.53 -0.0926 52.5 0.002705 0.00021 8e-05 -0.00014 0.0005643 0.00024 5e-05 -0.00018
0.501 4.53 -0.0926 67.5 0.002389 0.00018 0.0001 -4e-05 0.0007843 0.00022 1e-05 -7e-05
0.501 4.53 -0.0926 82.5 0.002296 0.00017 8e-05 -8e-05 0.0004748 0.00021 0.0001 -0.00012
0.501 4.53 -0.0926 97.5 0.002237 0.00017 0.00012 -7e-05 0.0007841 0.00019 6e-05 -4e-05
0.501 4.53 -0.0926 112.5 0.002296 0.00017 3e-05 -6e-05 0.0005488 0.0002 0.00012 -5e-05
0.501 4.53 -0.0926 127.5 0.001945 0.00016 2e-05 -6e-05 0.0004733 0.00019 2e-05 -8e-05
0.501 4.53 -0.0926 142.5 0.002149 0.00016 4e-05 -6e-05 0.0005434 0.00019 3e-05 -7e-05
0.501 4.53 -0.0926 157.5 0.001939 0.00016 1e-05 -9e-05 0.0006747 0.00019 4e-05 -0.0001
0.501 4.53 -0.0926 172.5 0.001896 0.00016 7e-05 -8e-05 0.0001239 0.0002 0.00011 -3e-05
0.501 4.53 -0.0926 187.5 0.002079 0.00018 0.00014 -0 0.0003905 0.00018 6e-05 -5e-05
0.501 4.53 -0.0926 202.5 0.0025 0.00019 0.0002 -8e-05 -0.0002997 0.00021 7e-05 -3e-05
0.501 4.53 -0.0926 217.5 0.002287 0.00019 2e-05 -0.00014 -0.0005735 0.00021 7e-05 -3e-05
0.501 4.53 -0.0926 232.5 0.002485 0.00018 9e-05 -0.0001 -0.0002187 0.0002 0.00014 -7e-05
0.501 4.53 -0.0926 247.5 0.002332 0.00018 1e-05 -9e-05 -7.212e-05 0.00021 4e-05 -8e-05
0.501 4.53 -0.0926 262.5 0.00284 0.00019 5e-05 -0.00016 -0.0002627 0.00022 6e-05 -0.00011
0.501 4.53 -0.0926 277.5 0.002916 0.00019 3e-05 -0.00016 -0.0005114 0.00022 1e-05 -9e-05
0.501 4.53 -0.0926 292.5 0.003033 0.0002 7e-05 -0.00013 -0.0005965 0.00023 0.00012 -2e-05
0.501 4.53 -0.0926 307.5 0.002497 0.0002 7e-05 -0.00012 -0.0004609 0.00023 3e-05 -0.00014
0.501 4.53 -0.0926 322.5 0.002965 0.00024 0.0001 -6e-05 -0.0003657 0.00026 6e-05 -5e-05
0.501 4.53 -0.0926 337.5 0.002917 0.00028 0.00011 -0.0001 -0.000447 0.00028 0.00014 -8e-05
0.501 4.53 -0.0926 352.5 0.002738 0.0003 0.00015 -2e-05 -6.768e-05 0.00029 3e-05 -0.00012
0.504 4.56 -0.154 7.5 0.00224 0.00043 0.00018 -8e-05 0.0004051 0.0005 0.00036 -0.00011
0.504 4.56 -0.154 22.5 0.002872 0.0004 5e-05 -0.00024 0.0002515 0.00045 7e-05 -0.00011
0.504 4.56 -0.154 37.5 0.001885 0.00028 0.00012 -3e-05 0.0008044 0.00033 0.00015 -0.00011
0.504 4.56 -0.154 52.5 0.001781 0.00021 6e-05 -0.00014 0.000593 0.00026 7e-05 -6e-05
0.504 4.56 -0.154 67.5 0.001842 0.00018 5e-05 -6e-05 0.0004204 0.00022 9e-05 -3e-05
0.504 4.56 -0.154 82.5 0.001999 0.00017 4e-05 -5e-05 0.0006357 0.00021 8e-05 -4e-05
0.504 4.56 -0.154 97.5 0.001665 0.00016 0.0001 -4e-05 0.0003017 0.00018 0.0001 -4e-05
0.504 4.56 -0.154 112.5 0.001871 0.00016 0 -0.00011 0.0006423 0.00018 1e-05 -7e-05
0.504 4.56 -0.154 127.5 0.001768 0.00016 8e-05 -2e-05 0.0005621 0.00017 2e-05 -7e-05
0.504 4.56 -0.154 142.5 0.001595 0.00015 5e-05 -4e-05 0.0002308 0.00016 4e-05 -1e-05
0.504 4.56 -0.154 157.5 0.001872 0.00016 4e-05 -5e-05 0.0005991 0.00017 0.00011 -3e-05
0.504 4.56 -0.154 172.5 0.001853 0.00017 0.00011 -0.00014 0.0002254 0.00017 0.0001 -0.00015
0.504 4.56 -0.154 187.5 0.002141 0.00018 6e-05 -1e-05 0.0002675 0.00018 6e-05 -2e-05
0.504 4.56 -0.154 202.5 0.001981 0.00019 8e-05 -8e-05 -7.052e-05 0.00019 8e-05 -0.0001
0.504 4.56 -0.154 217.5 0.001956 0.00019 4e-05 -9e-05 -7.53e-05 0.0002 6e-05 -8e-05
0.504 4.56 -0.154 232.5 0.001971 0.00018 0.00012 -2e-05 -0.0003877 0.0002 7e-05 -4e-05
0.504 4.56 -0.154 247.5 0.002049 0.00018 9e-05 -4e-05 -0.0001801 0.0002 5e-05 -8e-05
0.504 4.56 -0.154 262.5 0.002132 0.00018 0.00013 -8e-05 -0.000388 0.00021 7e-05 -7e-05
0.504 4.56 -0.154 277.5 0.002277 0.00018 8e-05 -6e-05 -0.000653 0.00022 3e-05 -5e-05
0.504 4.56 -0.154 292.5 0.002424 0.00019 8e-05 -7e-05 -0.0009825 0.00023 9e-05 -5e-05
0.504 4.56 -0.154 307.5 0.002437 0.00022 2e-05 -0.00018 -0.0007024 0.00027 0.0001 -0.00012
0.504 4.56 -0.154 322.5 0.002324 0.00029 4e-05 -7e-05 -0.001084 0.00034 7e-05 -0.00013
0.504 4.56 -0.154 337.5 0.002191 0.00037 0.00021 -0.00019 -0.0005947 0.00041 4e-05 -0.00038
0.504 4.56 -0.154 352.5 0.002342 0.00044 0.0001 -0.00016 -0.0009124 0.00046 0.00018 -0.00027
0.506 4.57 -0.216 7.5 0.001786 0.00059 0.00019 -0.00015 0.0004438 0.0006 5e-05 -0.00013
0.506 4.57 -0.216 22.5 0.002561 0.00053 0.00022 -0.00018 -0.0002431 0.00055 0.0001 -0.00015
0.506 4.57 -0.216 37.5 0.00221 0.00035 7e-05 -0.00019 0.0004768 0.00037 7e-05 -0.00012
0.506 4.57 -0.216 52.5 0.002148 0.00027 0.00012 -0.00014 0.0005066 0.00029 9e-05 -0.0001
0.506 4.57 -0.216 67.5 0.001516 0.00019 5e-05 -9e-05 0.0004357 0.00022 7e-05 -0.00014
0.506 4.57 -0.216 82.5 0.001396 0.00017 2e-05 -5e-05 0.0002792 0.0002 7e-05 -9e-05
0.506 4.57 -0.216 97.5 0.001271 0.00016 6e-05 -1e-05 0.0001549 0.00018 9e-05 -2e-05
0.506 4.57 -0.216 112.5 0.001651 0.00016 1e-05 -4e-05 0.000382 0.00017 5e-05 -4e-05
0.506 4.57 -0.216 127.5 0.001285 0.00015 0.00011 -2e-05 0.0003327 0.00016 9e-05 -0.0001
0.506 4.57 -0.216 142.5 0.001859 0.00017 4e-05 -0.0001 0.0002748 0.00018 1e-05 -0.00012
0.506 4.57 -0.216 157.5 0.001613 0.00016 4e-05 -3e-05 6.176e-05 0.00017 0.00014 -6e-05
0.506 4.57 -0.216 172.5 0.001812 0.00017 2e-05 -7e-05 -0.000278 0.00019 6e-05 -2e-05
0.506 4.57 -0.216 187.5 0.00223 0.00019 8e-05 -0.00011 0.0001169 0.0002 3e-05 -0.0001
0.506 4.57 -0.216 202.5 0.002116 0.00019 0.00014 -4e-05 -3.432e-05 0.0002 0 -0.00015
0.506 4.57 -0.216 217.5 0.002059 0.0002 0.00011 -0.0001 2.146e-05 0.00021 4e-05 -7e-05
0.506 4.57 -0.216 232.5 0.00208 0.00019 7e-05 -7e-05 -0.0006916 0.00021 3e-05 -0.00011
0.506 4.57 -0.216 247.5 0.002229 0.00019 8e-05 -7e-05 -0.0006396 0.0002 6e-05 -0
0.506 4.57 -0.216 262.5 0.002177 0.00019 6e-05 -0.0001 -0.0005245 0.00021 4e-05 -7e-05
0.506 4.57 -0.216 277.5 0.001892 0.00018 9e-05 -3e-05 -0.0005957 0.00021 4e-05 -7e-05
0.506 4.57 -0.216 292.5 0.001913 0.0002 5e-05 -4e-05 -0.0002429 0.00023 0 -9e-05
0.506 4.57 -0.216 307.5 0.002 0.00025 6e-05 -0.00012 -0.0009757 0.00028 0.0001 -1e-05
0.506 4.57 -0.216 322.5 0.001743 0.00034 0.00015 -0.0001 -0.0007254 0.00036 0.0001 -0.00011
0.506 4.57 -0.216 337.5 0.001833 0.00047 0.00026 -5e-05 9.679e-05 0.00048 0.00012 -0.00014
0.506 4.57 -0.216 352.5 0.001309 0.00059 3e-05 -0.0001 5.8e-05 0.0006 0.0002 -0.00014
0.508 4.59 -0.305 7.5 0.001919 0.00084 7e-05 -0.00025 -0.0003491 0.00081 0.00027 -0.00013
0.508 4.59 -0.305 22.5 0.001893 0.00063 0.00034 -0.00011 0.001061 0.00065 0.00018 -4e-05
0.508 4.59 -0.305 37.5 0.0007491 0.00035 0.0001 -0.00011 0.0009193 0.00036 0.0001 -0.00021
0.508 4.59 -0.305 52.5 0.001059 0.00021 0.00015 -3e-05 0.0004646 0.00023 9e-05 -3e-05
0.508 4.59 -0.305 67.5 0.001025 0.00016 2e-05 -9e-05 0.0007062 0.00019 5e-05 -0.00012
0.508 4.59 -0.305 82.5 0.001259 0.00014 7e-05 -4e-05 0.000391 0.00016 4e-05 -6e-05
0.508 4.59 -0.305 97.5 0.001253 0.00013 7e-05 -4e-05 0.0002605 0.00015 1e-05 -9e-05
0.508 4.59 -0.305 112.5 0.001363 0.00011 5e-05 -6e-05 0.0002583 0.00013 2e-05 -7e-05
0.508 4.59 -0.305 127.5 0.001267 0.00011 3e-05 -1e-05 0.0002399 0.00012 1e-05 -6e-05
0.508 4.59 -0.305 142.5 0.001343 0.00011 4e-05 -3e-05 0.0002786 0.00012 1e-05 -3e-05
0.508 4.59 -0.305 157.5 0.001674 0.00013 2e-05 -4e-05 0.0002201 0.00014 8e-05 -0.00012
0.508 4.59 -0.305 172.5 0.001542 0.00013 6e-05 -3e-05 0.0001086 0.00015 1e-05 -9e-05
0.508 4.59 -0.305 187.5 0.001461 0.00013 2e-05 -0.00012 -0.0001712 0.00014 4e-05 -5e-05
0.508 4.59 -0.305 202.5 0.001942 0.00014 3e-05 -5e-05 -0.000254 0.00015 9e-05 -4e-05
0.508 4.59 -0.305 217.5 0.001856 0.00014 3e-05 -0.00011 -0.000309 0.00016 7e-05 -0.00016
0.508 4.59 -0.305 232.5 0.001712 0.00013 0.0001 -6e-05 -0.0004818 0.00015 7e-05 -1e-05
0.508 4.59 -0.305 247.5 0.001615 0.00013 2e-05 -5e-05 -0.0004935 0.00014 4e-05 -2e-05
0.508 4.59 -0.305 262.5 0.001478 0.00013 4e-05 -0.0001 -0.0003857 0.00015 1e-05 -3e-05
0.508 4.59 -0.305 277.5 0.001782 0.00015 1e-05 -7e-05 -0.0004842 0.00017 9e-05 -1e-05
0.508 4.59 -0.305 292.5 0.001459 0.00017 6e-05 -8e-05 -0.0001196 0.0002 5e-05 -7e-05
0.508 4.59 -0.305 307.5 0.001795 0.00024 5e-05 -9e-05 -0.0005166 0.00027 9e-05 -8e-05
0.508 4.59 -0.305 322.5 0.002281 0.00036 0.00015 -0.00018 4.801e-05 0.00037 6e-05 -0.00019
0.508 4.59 -0.305 337.5 0.002086 0.00059 6e-05 -0.00025 1.088e-05 0.00055 0.00021 -0.00021
0.508 4.59 -0.305 352.5 0.001671 0.00069 0.00027 -8e-05 0.0004858 0.00067 0.00017 -1e-05
0.482 5.33 -0.03 7.5 0.004232 0.00029 0.00029 -7e-05 -0.0004004 0.00038 0.00014 -7e-05
0.482 5.33 -0.03 22.5 0.003978 0.00029 0.0001 -4e-05 0.0003896 0.00036 0.00014 -2e-05
0.482 5.33 -0.03 37.5 0.003659 0.00026 9e-05 -0.00011 0.0009432 0.00033 0.00016 -0.00016
0.482 5.33 -0.03 52.5 0.004097 0.00028 7e-05 -0.00017 0.0003257 0.00035 4e-05 -0.00013
0.482 5.33 -0.03 67.5 0.00309 0.00025 0.00024 -0.00013 0.0003752 0.0003 0.00028 -7e-05
0.482 5.33 -0.03 82.5 0.003354 0.00025 0.00011 -7e-05 0.0004479 0.0003 0.0001 -3e-05
0.482 5.33 -0.03 97.5 0.002878 0.00024 0.00017 -9e-05 0.0004721 0.00028 0.00011 -8e-05
0.482 5.33 -0.03 112.5 0.003128 0.00024 3e-05 -0.00014 0.0001964 0.00029 0.00013 -3e-05
0.482 5.33 -0.03 127.5 0.002931 0.00022 6e-05 -4e-05 0.0005677 0.00027 6e-05 -6e-05
0.482 5.33 -0.03 142.5 0.002708 0.00022 3e-05 -0.00012 0.0003933 0.00026 6e-05 -0.00011
0.482 5.33 -0.03 157.5 0.002679 0.00022 0.00012 -0.00012 0.0001218 0.00027 5e-05 -0.0002
0.482 5.33 -0.03 172.5 0.002436 0.00022 7e-05 -8e-05 -0.0001392 0.00027 6e-05 -8e-05
0.482 5.33 -0.03 187.5 0.002593 0.00022 0.00013 -2e-05 0.0003964 0.00025 4e-05 -0.00016
0.482 5.33 -0.03 202.5 0.002729 0.00022 0.00014 -8e-05 -0.0002175 0.00026 7e-05 -4e-05
0.482 5.33 -0.03 217.5 0.00263 0.00021 0.0001 -4e-05 -0.0001105 0.00025 8e-05 -6e-05
0.482 5.33 -0.03 232.5 0.002922 0.00023 0.00012 -7e-05 -0.0001232 0.00027 5e-05 -0.0001
0.482 5.33 -0.03 247.5 0.002918 0.00023 0.00014 -5e-05 -0.0005398 0.00028 5e-05 -5e-05
0.482 5.33 -0.03 262.5 0.003768 0.00026 3e-05 -0.00014 -0.0002913 0.00031 8e-05 -1e-05
0.482 5.33 -0.03 277.5 0.003619 0.00027 6e-05 -0.00013 -0.0002413 0.00032 0.00011 -8e-05
0.482 5.33 -0.03 292.5 0.003674 0.00026 0.0001 -6e-05 -0.0008387 0.00032 9e-05 -0.00011
0.482 5.33 -0.03 307.5 0.00365 0.00026 0.00012 -0.00013 -8.086e-05 0.00034 7e-05 -0.00013
0.482 5.33 -0.03 322.5 0.00427 0.00029 0.00011 -0.00017 7.939e-05 0.00035 0.0001 -8e-05
0.482 5.33 -0.03 337.5 0.004186 0.00028 4e-05 -8e-05 -0.0002672 0.00035 0.00013 -9e-05
0.482 5.33 -0.03 352.5 0.004237 0.00029 0.00012 -8e-05 -0.0001102 0.00034 0.00022 -0.00012
0.483 5.34 -0.0882 7.5 0.004474 0.00037 0.00011 -0.00025 0.0001831 0.00022 0.00018 -1e-05
0.483 5.34 -0.0882 22.5 0.003937 0.00033 0.00019 -6e-05 0.0002712 0.00023 0.00024 -7e-05
0.483 5.34 -0.0882 37.5 0.003541 0.00029 8e-05 -2e-05 0.0009197 0.00024 0.00014 -7e-05
0.483 5.34 -0.0882 52.5 0.002998 0.00024 0.00013 -0.00013 -5.756e-05 0.00023 5e-05 -8e-05
0.483 5.34 -0.0882 67.5 0.002758 0.00023 9e-05 -9e-05 0.0003744 0.00025 5e-05 -6e-05
0.483 5.34 -0.0882 82.5 0.002478 0.00023 0.00014 -5e-05 0.0005074 0.00026 4e-05 -0.00016
0.483 5.34 -0.0882 97.5 0.002361 0.00021 5e-05 -7e-05 0.0003547 0.00025 5e-05 -0.00013
0.483 5.34 -0.0882 112.5 0.001956 0.00019 8e-05 -6e-05 0.0009815 0.00023 0.00013 -0.00014
0.483 5.34 -0.0882 127.5 0.001864 0.00018 0.00012 -3e-05 0.0003125 0.00023 9e-05 -6e-05
0.483 5.34 -0.0882 142.5 0.001973 0.00019 0.00013 -2e-05 0.0002894 0.00023 8e-05 -7e-05
0.483 5.34 -0.0882 157.5 0.001812 0.00018 0.00011 -0 0.000378 0.00022 0.00011 -4e-05
0.483 5.34 -0.0882 172.5 0.002181 0.0002 5e-05 -0.00012 8.149e-05 0.00025 6e-05 -6e-05
0.483 5.34 -0.0882 187.5 0.002052 0.00019 5e-05 -8e-05 -0.0001373 0.00024 0.0001 -7e-05
0.483 5.34 -0.0882 202.5 0.002213 0.0002 0.00021 -8e-05 -0.0002239 0.00025 0.00011 -9e-05
0.483 5.34 -0.0882 217.5 0.001861 0.00019 9e-05 -4e-05 -0.0005289 0.00022 0.00011 -4e-05
0.483 5.34 -0.0882 232.5 0.002308 0.00022 3e-05 -0.00014 -1.485e-05 0.00026 4e-05 -7e-05
0.483 5.34 -0.0882 247.5 0.002611 0.00022 6e-05 -5e-05 -0.0008234 0.00027 8e-05 -0.0001
0.483 5.34 -0.0882 262.5 0.002565 0.00022 7e-05 -9e-05 -0.0003498 0.00026 6e-05 -0.00011
0.483 5.34 -0.0882 277.5 0.002629 0.00024 0.00016 -2e-05 -0.0002485 0.00027 6e-05 -0.00012
0.483 5.34 -0.0882 292.5 0.003294 0.00025 0.00022 -0.00011 -0.000332 0.00027 7e-05 -0.00011
0.483 5.34 -0.0882 307.5 0.003415 0.00027 0.00015 -0.00014 0.0002303 0.00026 8e-05 -0.00026
0.483 5.34 -0.0882 322.5 0.003751 0.00029 0.00011 -6e-05 -0.0003346 0.00024 3e-05 -0.00019
0.483 5.34 -0.0882 337.5 0.004001 0.00033 8e-05 -0.00014 -0.0002804 0.00022 7e-05 -0.00011
0.483 5.34 -0.0882 352.5 0.004126 0.00036 0.00025 -5e-05 0.0001292 0.00021 9e-05 -0.00023
0.485 5.36 -0.147 7.5 0.003764 0.00057 0.00024 -0.00028 -6.358e-05 0.00062 0.00033 -0.00021
0.485 5.36 -0.147 22.5 0.002905 0.00044 0.00015 -2e-05 0.0005973 0.00049 6e-05 -0.00016
0.485 5.36 -0.147 37.5 0.00303 0.00032 0.00015 -0.00015 0.0003852 0.00039 0.00017 -0.00013
0.485 5.36 -0.147 52.5 0.002636 0.00025 0.00016 -5e-05 0.001287 0.00031 4e-05 -9e-05
0.485 5.36 -0.147 67.5 0.002435 0.00023 9e-05 -6e-05 0.001247 0.00027 8e-05 -5e-05
0.485 5.36 -0.147 82.5 0.001861 0.0002 7e-05 -7e-05 7.609e-05 0.00024 9e-05 -7e-05
0.485 5.36 -0.147 97.5 0.002155 0.00021 5e-05 -5e-05 0.0003708 0.00024 0.00014 -6e-05
0.485 5.36 -0.147 112.5 0.001892 0.00019 2e-05 -7e-05 0.0004453 0.00022 6e-05 -5e-05
0.485 5.36 -0.147 127.5 0.001418 0.00017 6e-05 -0.0001 -3.895e-05 0.00018 8e-05 -5e-05
0.485 5.36 -0.147 142.5 0.001538 0.00017 6e-05 -3e-05 0.000185 0.00017 0.00017 -3e-05
0.485 5.36 -0.147 157.5 0.001775 0.00018 0.00013 -8e-05 3.574e-05 0.00017 7e-05 -1e-05
0.485 5.36 -0.147 172.5 0.001635 0.00018 8e-05 -5e-05 0.0002127 0.00016 6e-05 -2e-05
0.485 5.36 -0.147 187.5 0.001754 0.00019 4e-05 -9e-05 -0.0003376 0.00017 2e-05 -8e-05
0.485 5.36 -0.147 202.5 0.001802 0.00019 4e-05 -8e-05 -9.488e-05 0.00017 4e-05 -5e-05
0.485 5.36 -0.147 217.5 0.001509 0.00019 6e-05 -3e-05 -0.0001333 0.00018 7e-05 -3e-05
0.485 5.36 -0.147 232.5 0.001866 0.00021 7e-05 -0.00015 -0.0005983 0.00021 3e-05 -0.00012
0.485 5.36 -0.147 247.5 0.001803 0.0002 3e-05 -6e-05 -0.000362 0.00022 7e-05 -5e-05
0.485 5.36 -0.147 262.5 0.002367 0.00022 5e-05 -7e-05 -0.000481 0.00026 0.00013 -0.00011
0.485 5.36 -0.147 277.5 0.002511 0.00024 0.00022 -9e-05 -0.0007188 0.00029 9e-05 -0.00027
0.485 5.36 -0.147 292.5 0.002923 0.00025 5e-05 -0.00012 -0.0009429 0.0003 9e-05 -7e-05
0.485 5.36 -0.147 307.5 0.002958 0.00027 0.00011 -3e-05 -0.001441 0.00034 6e-05 -9e-05
0.485 5.36 -0.147 322.5 0.003312 0.00036 0.00011 -0.00014 -0.0007309 0.00043 8e-05 -0.0001
0.485 5.36 -0.147 337.5 0.003285 0.00044 0.0003 -8e-05 0.0003254 0.00051 0.00016 -0.00014
0.485 5.36 -0.147 352.5 0.003765 0.00058 0.00019 -0.00021 -7.881e-05 0.0006 6e-05 -9e-05
0.486 5.37 -0.206 7.5 0.003353 0.0011 0.00041 -0.0002 0.0001296 0.00089 0.00017 -0.00024
0.486 5.37 -0.206 22.5 0.002055 0.00062 6e-05 -0.00026 -0.0001579 0.00057 0.00014 -0.00024
0.486 5.37 -0.206 37.5 0.002696 0.00043 8e-05 -0.00013 0.0009083 0.00042 7e-05 -0.0003
0.486 5.37 -0.206 52.5 0.002469 0.00029 0 -0.00017 0.0008125 0.00032 0 -0.00018
0.486 5.37 -0.206 67.5 0.002031 0.00023 2e-05 -0.0001 0.00115 0.00026 4e-05 -9e-05
0.486 5.37 -0.206 82.5 0.001816 0.0002 0.0001 -6e-05 0.0002403 0.00024 0.0001 -7e-05
0.486 5.37 -0.206 97.5 0.001625 0.00019 0.00012 -8e-05 0.0002116 0.00022 0.0001 -3e-05
0.486 5.37 -0.206 112.5 0.001391 0.00018 0.00014 -4e-05 0.0003538 0.00021 4e-05 -6e-05
0.486 5.37 -0.206 127.5 0.001982 0.00019 7e-05 -9e-05 0.0005143 0.00022 5e-05 -7e-05
0.486 5.37 -0.206 142.5 0.001435 0.00017 3e-05 -1e-05 0.000261 0.0002 2e-05 -3e-05
0.486 5.37 -0.206 157.5 0.001474 0.00017 4e-05 -2e-05 -9.3e-05 0.0002 5e-05 -7e-05
0.486 5.37 -0.206 172.5 0.001615 0.00019 9e-05 -5e-05 0.0001415 0.00022 2e-05 -0.00012
0.486 5.37 -0.206 187.5 0.001332 0.00018 0.00022 -4e-05 0.0002266 0.00022 7e-05 -3e-05
0.486 5.37 -0.206 202.5 0.001269 0.00018 0.00018 -7e-05 -0.0005142 0.0002 0.00014 -5e-05
0.486 5.37 -0.206 217.5 0.001506 0.00018 9e-05 -7e-05 -0.000558 0.00021 7e-05 -0.00012
0.486 5.37 -0.206 232.5 0.001614 0.00019 0.0001 -2e-05 -0.0003065 0.00023 4e-05 -0.00017
0.486 5.37 -0.206 247.5 0.001487 0.00019 5e-05 -5e-05 -0.0002672 0.00022 1e-05 -0.00014
0.486 5.37 -0.206 262.5 0.001789 0.0002 5e-05 -9e-05 -0.0006034 0.00024 9e-05 -5e-05
0.486 5.37 -0.206 277.5 0.00174 0.00021 4e-05 -7e-05 -2.301e-05 0.00025 1e-05 -0.00015
0.486 5.37 -0.206 292.5 0.002466 0.00025 2e-05 -0.0001 -0.0003808 0.00029 9e-05 -7e-05
0.486 5.37 -0.206 307.5 0.002569 0.0003 0.00013 -0.00014 -0.0007509 0.00032 0.00016 -6e-05
0.486 5.37 -0.206 322.5 0.002836 0.00046 0.00019 -0.00011 -0.0006481 0.00044 0.00019 -0.00023
0.486 5.37 -0.206 337.5 0.003963 0.00081 0.00031 -0.0003 0.0005383 0.00074 0.00038 -0.0003
0.486 5.37 -0.206 352.5 0.002907 0.0012 0.00026 -0.00027 -0.0007104 0.00088 0.00056 -0.00012
0.486 5.38 -0.291 7.5 0.003654 0.003 0.00049 -0.00029 0.001634 0.0022 0.00026 -0.00089
0.486 5.38 -0.291 22.5 0.001366 0.0011 0.00051 -0.00015 0.0001165 0.00088 0.00021 -0.00064
0.486 5.38 -0.291 37.5 0.001197 0.00043 0.00012 -0.00038 0.0009365 0.00042 2e-05 -0.00017
0.486 5.38 -0.291 52.5 0.001557 0.00026 0.0001 -3e-05 0.0001283 0.00029 0.0001 -7e-05
0.486 5.38 -0.291 67.5 0.001476 0.00019 9e-05 -4e-05 0.0008178 0.00021 8e-05 -0.00011
0.486 5.38 -0.291 82.5 0.001624 0.00017 3e-05 -0.00011 0.0002235 0.00018 0.0001 -5e-05
0.486 5.38 -0.291 97.5 0.001173 0.00015 7e-05 -2e-05 0.0003564 0.00016 0.00012 -0
0.486 5.38 -0.291 112.5 0.001134 0.00013 3e-05 -2e-05 1.749e-05 0.00014 8e-05 -8e-05
0.486 5.38 -0.291 127.5 0.001077 0.00011 2e-05 -4e-05 0.0001215 0.00012 5e-05 -5e-05
0.486 5.38 -0.291 142.5 0.0009061 0.0001 4e-05 -0 0.0001577 0.0001 1e-05 -4e-05
0.486 5.38 -0.291 157.5 0.001145 0.00012 0 -7e-05 -7.184e-05 0.00011 6e-05 -4e-05
0.486 5.38 -0.291 172.5 0.001082 0.00013 6e-05 -5e-05 -1.526e-05 0.00012 8e-05 -1e-05
0.486 5.38 -0.291 187.5 0.001058 0.00012 3e-05 -4e-05 -0.0001572 0.00011 9e-05 -2e-05
0.486 5.38 -0.291 202.5 0.001251 0.00012 1e-05 -5e-05 -1.702e-05 0.00012 3e-05 -6e-05
0.486 5.38 -0.291 217.5 0.0008608 0.00011 4e-05 -4e-05 8.486e-06 0.0001 3e-05 -0.0001
0.486 5.38 -0.291 232.5 0.001163 0.00012 2e-05 -9e-05 3.225e-05 0.00013 5e-05 -6e-05
0.486 5.38 -0.291 247.5 0.001456 0.00014 4e-05 -5e-05 -0.0003809 0.00015 4e-05 -4e-05
0.486 5.38 -0.291 262.5 0.001498 0.00015 6e-05 -6e-05 -0.0003726 0.00017 2e-05 -4e-05
0.486 5.38 -0.291 277.5 0.001843 0.00017 0 -9e-05 -0.0006452 0.00019 5e-05 -5e-05
0.486 5.38 -0.291 292.5 0.002311 0.00021 5e-05 -0.00012 -0.000421 0.00024 3e-05 -9e-05
0.486 5.38 -0.291 307.5 0.002103 0.00027 5e-05 -9e-05 -0.0006407 0.00031 0.00012 -4e-05
0.486 5.38 -0.291 322.5 0.003705 0.00058 0.00016 -0.0002 0.0004874 0.00055 0.00017 -8e-05
0.486 5.38 -0.291 337.5 0.002055 0.0013 0 -0.0005 0.0002966 0.001 0.0006 -1e-05
0.486 5.38 -0.291 352.5 0.0008996 0.0017 0.00095 -0.00016 0.0008581 0.0013 0.00012 -0.00082
0.494 7.04 -0.043 7.5 0.001761 0.0001 8e-05 -0 0.0003058 0.00014 7e-05 -2e-05
0.494 7.04 -0.043 22.5 0.001954 0.00011 5e-05 -0.00012 0.0003722 0.00014 0.00011 -6e-05
0.494 7.04 -0.043 37.5 0.001715 9.6e-05 3e-05 -7e-05 0.0002818 0.00013 3e-05 -5e-05
0.494 7.04 -0.043 52.5 0.001588 8.9e-05 6e-05 -2e-05 3.319e-05 0.00012 3e-05 -3e-05
0.494 7.04 -0.043 67.5 0.001421 8.3e-05 6e-05 -3e-05 0.0002896 0.00011 2e-05 -3e-05
0.494 7.04 -0.043 82.5 0.001396 8.1e-05 5e-05 -2e-05 0.0002797 0.00011 5e-05 -3e-05
0.494 7.04 -0.043 97.5 0.001335 7.8e-05 5e-05 -7e-05 0.0002487 0.0001 2e-05 -2e-05
0.494 7.04 -0.043 112.5 0.00122 7.5e-05 3e-05 -5e-05 0.0001823 9.7e-05 3e-05 -3e-05
0.494 7.04 -0.043 127.5 0.001294 7.7e-05 9e-05 -3e-05 0.0001806 0.0001 4e-05 -3e-05
0.494 7.04 -0.043 142.5 0.001377 7.9e-05 2e-05 -5e-05 0.0001596 0.0001 2e-05 -3e-05
0.494 7.04 -0.043 157.5 0.001142 7.4e-05 5e-05 -0 0.0002363 9.7e-05 2e-05 -3e-05
0.494 7.04 -0.043 172.5 0.001213 7.6e-05 3e-05 -2e-05 -9.043e-05 0.0001 2e-05 -7e-05
0.494 7.04 -0.043 187.5 0.001209 7.6e-05 4e-05 -2e-05 9.729e-05 9.1e-05 2e-05 -4e-05
0.494 7.04 -0.043 202.5 0.001325 8e-05 5e-05 -5e-05 -3.8e-05 9.9e-05 2e-05 -2e-05
0.494 7.04 -0.043 217.5 0.001246 7.8e-05 5e-05 -0 -8.543e-05 9.9e-05 3e-05 -2e-05
0.494 7.04 -0.043 232.5 0.001364 8.2e-05 5e-05 -5e-05 -0.0001808 0.0001 1e-05 -3e-05
0.494 7.04 -0.043 247.5 0.001296 8.1e-05 1e-05 -5e-05 -0.0001001 0.00011 3e-05 -4e-05
0.494 7.04 -0.043 262.5 0.001383 8.1e-05 5e-05 -4e-05 -0.0003364 0.00011 2e-05 -9e-05
0.494 7.04 -0.043 277.5 0.00162 8.9e-05 7e-05 -3e-05 -0.0002129 0.00011 2e-05 -5e-05
0.494 7.04 -0.043 292.5 0.001618 8.9e-05 5e-05 -7e-05 -8.519e-05 0.00012 3e-05 -2e-05
0.494 7.04 -0.043 307.5 0.00173 9.1e-05 9e-05 -5e-05 -0.0001661 0.00012 5e-05 -3e-05
0.494 7.04 -0.043 322.5 0.00189 0.0001 7e-05 -7e-05 -0.0003615 0.00013 4e-05 -1e-05
0.494 7.04 -0.043 337.5 0.001922 0.0001 1e-05 -0.0001 5.202e-05 0.00013 3e-05 -2e-05
0.494 7.04 -0.043 352.5 0.002124 0.00011 8e-05 -3e-05 0.0001307 0.00014 5e-05 -1e-05
0.498 7.09 -0.127 7.5 0.001872 0.00019 0.00019 -0 0.0001924 0.0002 0.00014 -5e-05
0.498 7.09 -0.127 22.5 0.001523 0.00015 4e-05 -5e-05 0.0004131 0.00016 3e-05 -9e-05
0.498 7.09 -0.127 37.5 0.001466 0.00012 3e-05 -4e-05 9.873e-05 0.00014 3e-05 -1e-05
0.498 7.09 -0.127 52.5 0.00145 9.7e-05 0 -7e-05 0.0002559 0.00012 6e-05 -5e-05
0.498 7.09 -0.127 67.5 0.001198 8e-05 5e-05 -4e-05 0.0001817 0.0001 6e-05 -3e-05
0.498 7.09 -0.127 82.5 0.001165 7.4e-05 4e-05 -3e-05 0.0002784 9.4e-05 7e-05 -3e-05
0.498 7.09 -0.127 97.5 0.0009835 6.7e-05 2e-05 -3e-05 0.0002894 8.2e-05 3e-05 -2e-05
0.498 7.09 -0.127 112.5 0.001022 6.8e-05 4e-05 -1e-05 0.0002823 8.4e-05 3e-05 -1e-05
0.498 7.09 -0.127 127.5 0.0009092 6.6e-05 4e-05 -0 5.108e-05 8e-05 3e-05 -5e-05
0.498 7.09 -0.127 142.5 0.0008895 6.6e-05 3e-05 -7e-05 0.0001716 7.8e-05 2e-05 -2e-05
0.498 7.09 -0.127 157.5 0.0007964 6.3e-05 2e-05 -2e-05 0.0001625 7.5e-05 3e-05 -1e-05
0.498 7.09 -0.127 172.5 0.0008311 6.3e-05 5e-05 -2e-05 0.0001174 7.7e-05 3e-05 -2e-05
0.498 7.09 -0.127 187.5 0.0008045 6.3e-05 2e-05 -2e-05 -2.151e-05 7.2e-05 5e-05 -1e-05
0.498 7.09 -0.127 202.5 0.0008564 6.6e-05 2e-05 -4e-05 -0.0001661 7.9e-05 6e-05 -2e-05
0.498 7.09 -0.127 217.5 0.0009369 7.1e-05 4e-05 -0 -0.0001072 8.5e-05 2e-05 -4e-05
0.498 7.09 -0.127 232.5 0.0008811 6.8e-05 2e-05 -2e-05 -0.0002062 8.3e-05 4e-05 -2e-05
0.498 7.09 -0.127 247.5 0.001074 7.4e-05 3e-05 -2e-05 -0.0002301 9e-05 3e-05 -3e-05
0.498 7.09 -0.127 262.5 0.001035 7.5e-05 2e-05 -2e-05 -0.0001973 9.2e-05 2e-05 -2e-05
0.498 7.09 -0.127 277.5 0.001173 7.8e-05 5e-05 -4e-05 -0.0003044 9.8e-05 3e-05 -3e-05
0.498 7.09 -0.127 292.5 0.001203 8e-05 3e-05 -3e-05 -0.000367 0.0001 4e-05 -3e-05
0.498 7.09 -0.127 307.5 0.001528 9.8e-05 3e-05 -6e-05 -0.0003696 0.00012 4e-05 -3e-05
0.498 7.09 -0.127 322.5 0.001588 0.00012 5e-05 -8e-05 -0.0001248 0.00013 2e-05 -9e-05
0.498 7.09 -0.127 337.5 0.002043 0.00016 0.00014 -3e-05 -0.0003423 0.00017 0.00011 -5e-05
0.498 7.09 -0.127 352.5 0.001886 0.00019 8e-05 -2e-05 -5.316e-05 0.00019 6e-05 -6e-05
0.499 7.12 -0.212 7.5 0.001938 0.00039 9e-05 -0.00019 -5.544e-05 0.00033 4e-05 -8e-05
0.499 7.12 -0.212 22.5 0.001337 0.00027 9e-05 -0.00011 0.000529 0.00024 9e-05 -9e-05
0.499 7.12 -0.212 37.5 0.0009173 0.00016 7e-05 -3e-05 -1.087e-05 0.00016 3e-05 -3e-05
0.499 7.12 -0.212 52.5 0.001152 0.00011 2e-05 -5e-05 0.0005874 0.00012 6e-05 -7e-05
0.499 7.12 -0.212 67.5 0.0009085 7.5e-05 3e-05 -4e-05 0.0003438 9.2e-05 3e-05 -2e-05
0.499 7.12 -0.212 82.5 0.0008632 6.9e-05 3e-05 -3e-05 0.0002462 8.4e-05 4e-05 -2e-05
0.499 7.12 -0.212 97.5 0.0007326 6.2e-05 3e-05 -1e-05 0.0002785 7.6e-05 1e-05 -2e-05
0.499 7.12 -0.212 112.5 0.0006268 5.8e-05 2e-05 -3e-05 4.946e-05 6.9e-05 2e-05 -1e-05
0.499 7.12 -0.212 127.5 0.0005797 5.4e-05 1e-05 -3e-05 0.000101 6.5e-05 4e-05 -1e-05
0.499 7.12 -0.212 142.5 0.0006313 5.6e-05 2e-05 -4e-05 0.0002378 6.8e-05 4e-05 -3e-05
0.499 7.12 -0.212 157.5 0.0006046 5.6e-05 3e-05 -2e-05 0.0001993 6.9e-05 2e-05 -2e-05
0.499 7.12 -0.212 172.5 0.0006115 5.5e-05 2e-05 -3e-05 2.26e-05 6.6e-05 1e-05 -2e-05
0.499 7.12 -0.212 187.5 0.000598 5.6e-05 1e-05 -2e-05 -2.576e-05 6.7e-05 3e-05 -2e-05
0.499 7.12 -0.212 202.5 0.0007092 6.3e-05 1e-05 -0 -3.092e-06 7.5e-05 1e-05 -3e-05
0.499 7.12 -0.212 217.5 0.0006019 5.8e-05 3e-05 -4e-05 -0.0001263 6.9e-05 2e-05 -3e-05
0.499 7.12 -0.212 232.5 0.0007285 6.3e-05 1e-05 -3e-05 -0.0002327 7.8e-05 3e-05 -4e-05
0.499 7.12 -0.212 247.5 0.0007213 6.5e-05 5e-05 -2e-05 -0.0001777 8e-05 4e-05 -2e-05
0.499 7.12 -0.212 262.5 0.0008205 7e-05 4e-05 -2e-05 -0.0003364 8.6e-05 1e-05 -1e-05
0.499 7.12 -0.212 277.5 0.0008987 7.3e-05 2e-05 -4e-05 -0.0002156 9.3e-05 1e-05 -2e-05
0.499 7.12 -0.212 292.5 0.0008759 7.8e-05 1e-05 -4e-05 -0.0001865 9.6e-05 3e-05 -2e-05
0.499 7.12 -0.212 307.5 0.001322 0.00011 8e-05 -3e-05 -0.0001606 0.00013 4e-05 -3e-05
0.499 7.12 -0.212 322.5 0.001193 0.00016 8e-05 -3e-05 -3.32e-05 0.00016 1e-05 -4e-05
0.499 7.12 -0.212 337.5 0.001133 0.00024 9e-05 -0 -9.924e-05 0.00022 0.0001 -3e-05
0.499 7.12 -0.212 352.5 0.001799 0.00039 0.00013 -0.00015 0.0003106 0.0003 0.00011 -5e-05
0.499 7.11 -0.297 7.5 0.002399 0.001 0.0002 -0.00032 -6.315e-05 0.00065 0.00012 -0.00027
0.499 7.11 -0.297 22.5 0.001473 0.00055 0.00011 -0.00013 0.0001157 0.00041 0.00012 -0.0001
0.499 7.11 -0.297 37.5 0.0009287 0.00027 7e-05 -0.00018 0.0001993 0.00024 5e-05 -2e-05
0.499 7.11 -0.297 52.5 0.0007438 0.00012 4e-05 -7e-05 0.0001685 0.00012 4e-05 -4e-05
0.499 7.11 -0.297 67.5 0.0007424 7.5e-05 4e-05 -1e-05 0.0002559 8.9e-05 2e-05 -1e-05
0.499 7.11 -0.297 82.5 0.0007025 6.6e-05 1e-05 -3e-05 0.0002691 8.1e-05 2e-05 -4e-05
0.499 7.11 -0.297 97.5 0.000709 6.4e-05 1e-05 -5e-05 0.0001611 7.7e-05 2e-05 -2e-05
0.499 7.11 -0.297 112.5 0.000567 5.6e-05 1e-05 -3e-05 0.0001819 6.6e-05 2e-05 -3e-05
0.499 7.11 -0.297 127.5 0.0005288 5.3e-05 0 -3e-05 0.0001793 6.2e-05 2e-05 -1e-05
0.499 7.11 -0.297 142.5 0.0004345 4.8e-05 1e-05 -5e-05 -1.628e-05 5.6e-05 1e-05 -1e-05
0.499 7.11 -0.297 157.5 0.0004641 5e-05 2e-05 -1e-05 0.000114 5.7e-05 2e-05 -3e-05
0.499 7.11 -0.297 172.5 0.0004638 5.1e-05 1e-05 -2e-05 -1.365e-05 5.9e-05 2e-05 -0
0.499 7.11 -0.297 187.5 0.0004555 5.3e-05 3e-05 -1e-05 4.581e-05 5.9e-05 1e-05 -1e-05
0.499 7.11 -0.297 202.5 0.0004599 5.5e-05 1e-05 -2e-05 3.275e-05 6.1e-05 1e-05 -2e-05
0.499 7.11 -0.297 217.5 0.000526 5.7e-05 1e-05 -4e-05 5.992e-06 6.4e-05 2e-05 -3e-05
0.499 7.11 -0.297 232.5 0.0006364 6.2e-05 3e-05 -3e-05 -0.0001808 7.1e-05 2e-05 -3e-05
0.499 7.11 -0.297 247.5 0.0005964 6.3e-05 1e-05 -2e-05 -0.0002641 7.4e-05 3e-05 -2e-05
0.499 7.11 -0.297 262.5 0.000746 7.3e-05 3e-05 -3e-05 -0.0001453 8.5e-05 6e-05 -2e-05
0.499 7.11 -0.297 277.5 0.0006759 6.8e-05 1e-05 -3e-05 -0.0001526 8.4e-05 2e-05 -3e-05
0.499 7.11 -0.297 292.5 0.0008481 7.9e-05 4e-05 -3e-05 -0.000222 9.5e-05 3e-05 -3e-05
0.499 7.11 -0.297 307.5 0.001064 0.00013 7e-05 -2e-05 -0.0002398 0.00013 5e-05 -5e-05
0.499 7.11 -0.297 322.5 0.001254 0.00024 0.00011 -0.00011 -0.0003333 0.00021 6e-05 -2e-05
0.499 7.11 -0.297 337.5 0.0007722 0.0004 0.00012 -8e-05 0.0005172 0.00028 9e-05 -7e-05
0.499 7.11 -0.297 352.5 0.0008721 0.00064 0.00016 -0.00016 -0.0005604 0.00035 5e-05 -0.00013
0.498 7.1 -0.457 7.5 0.005388 0.0055 0.00151 -0.00163 0.002021 0.0019 0.00097 -0.00049
0.498 7.1 -0.457 22.5 0.001031 0.0014 0.00044 -0.00011 0.0003325 0.0008 3e-05 -0.00024
0.498 7.1 -0.457 37.5 0.0006858 0.00029 2e-05 -0.00019 -0.0001464 0.00023 8e-05 -7e-05
0.498 7.1 -0.457 52.5 0.0005159 0.0001 5e-05 -4e-05 0.000275 9.9e-05 3e-05 -2e-05
0.498 7.1 -0.457 67.5 0.0005674 5.1e-05 1e-05 -2e-05 0.0001496 5.9e-05 3e-05 -0
0.498 7.1 -0.457 82.5 0.0005326 4e-05 0 -1e-05 0.0002852 4.8e-05 0 -4e-05
0.498 7.1 -0.457 97.5 0.0004169 3.5e-05 2e-05 -2e-05 0.0001256 4.1e-05 2e-05 -2e-05
0.498 7.1 -0.457 112.5 0.0003239 2.8e-05 1e-05 -2e-05 7.174e-05 3.4e-05 1e-05 -1e-05
0.498 7.1 -0.457 127.5 0.0002908 2.5e-05 1e-05 -1e-05 7.782e-05 2.8e-05 0 -1e-05
0.498 7.1 -0.457 142.5 0.0003206 2.6e-05 1e-05 -1e-05 6.099e-05 2.9e-05 1e-05 -0
0.498 7.1 -0.457 157.5 0.0003158 2.7e-05 1e-05 -1e-05 -8.262e-06 3e-05 1e-05 -2e-05
0.498 7.1 -0.457 172.5 0.0003473 2.9e-05 1e-05 -1e-05 4.207e-05 3.3e-05 1e-05 -1e-05
0.498 7.1 -0.457 187.5 0.0003616 3.2e-05 0 -2e-05 -5.01e-05 3.6e-05 0 -1e-05
0.498 7.1 -0.457 202.5 0.0003837 3.1e-05 1e-05 -1e-05 -7.904e-06 3.5e-05 2e-05 -2e-05
0.498 7.1 -0.457 217.5 0.0003497 2.8e-05 1e-05 -1e-05 -6.27e-05 3.3e-05 1e-05 -1e-05
0.498 7.1 -0.457 232.5 0.0004064 3e-05 1e-05 -1e-05 -8.227e-05 3.5e-05 1e-05 -0
0.498 7.1 -0.457 247.5 0.0004535 3.4e-05 1e-05 -1e-05 -0.0001574 3.9e-05 1e-05 -1e-05
0.498 7.1 -0.457 262.5 0.0005309 3.9e-05 1e-05 -3e-05 -0.0001016 4.7e-05 0 -2e-05
0.498 7.1 -0.457 277.5 0.0004955 4.1e-05 2e-05 -1e-05 -0.000123 4.9e-05 2e-05 -2e-05
0.498 7.1 -0.457 292.5 0.000548 5e-05 3e-05 -3e-05 -0.00023 6e-05 2e-05 -2e-05
0.498 7.1 -0.457 307.5 0.0006207 9.8e-05 2e-05 -2e-05 -0.0001106 9.8e-05 4e-05 -5e-05
0.498 7.1 -0.457 322.5 0.0005159 0.00025 7e-05 -7e-05 -0.0002647 0.0002 6e-05 -4e-05
0.498 7.1 -0.457 337.5 0.001054 0.0013 0.00024 -0.00018 0.0001638 0.00068 4e-05 -2e-05
0.498 7.1 -0.457 352.5 -0.000108 0.00067 2e-05 -3e-05 4.663e-05 0.00027 2e-05 -1e-05
0.61 5.6 -0.0677 7.5 0.0007155 3.9e-05 2.1e-05 -1e-05 1.729e-05 3.3e-05 2.1e-05 -1.1e-05
0.61 5.6 -0.0677 22.5 0.0007121 3.8e-05 8e-06 -1.6e-05 0.0001502 4.1e-05 0 -2.4e-05
0.61 5.6 -0.0677 37.5 0.0006419 3.7e-05 1.7e-05 -9e-06 2.04e-05 4.2e-05 1.8e-05 -9e-06
0.61 5.6 -0.0677 52.5 0.0006382 3.7e-05 1.7e-05 -1e-06 9.492e-05 4.2e-05 1e-05 -6e-06
0.61 5.6 -0.0677 67.5 0.000676 3.7e-05 8e-06 -2e-05 0.0001225 4.3e-05 1.4e-05 -8e-06
0.61 5.6 -0.0677 82.5 0.0006323 3.6e-05 2e-05 -1.5e-05 8.499e-05 4.3e-05 1.6e-05 -7e-06
0.61 5.6 -0.0677 97.5 0.0005867 3.5e-05 1.3e-05 -1.3e-05 6.359e-05 4.2e-05 2.3e-05 -1e-05
0.61 5.6 -0.0677 112.5 0.0005591 3.5e-05 1.1e-05 -9e-06 5.696e-05 4.1e-05 6e-06 -1.1e-05
0.61 5.6 -0.0677 127.5 0.0005744 3.5e-05 9e-06 -8e-06 5.74e-05 4.1e-05 3.2e-05 -9e-06
0.61 5.6 -0.0677 142.5 0.000547 3.5e-05 7e-06 -2.7e-05 4.497e-05 4e-05 6e-06 -1.5e-05
0.61 5.6 -0.0677 157.5 0.0005529 3.5e-05 0 -2.9e-05 6.121e-05 3.8e-05 2.3e-05 -3e-06
0.61 5.6 -0.0677 172.5 0.0005559 3.5e-05 2.2e-05 -1.3e-05 3.696e-05 3.1e-05 1.5e-05 -0
0.61 5.6 -0.0677 187.5 0.0005809 3.6e-05 2e-05 -1.1e-05 -2.962e-05 7.4e-05 4.8e-05 -7e-06
0.61 5.6 -0.0677 202.5 0.0005696 3.6e-05 2.4e-05 -9e-06 -8.692e-07 5.2e-05 1.8e-05 -2e-05
0.61 5.6 -0.0677 217.5 0.0005636 3.7e-05 2.1e-05 -2.1e-05 2.119e-05 5e-05 1.3e-05 -2.7e-05
0.61 5.6 -0.0677 232.5 0.0005765 3.8e-05 6e-06 -1.6e-05 -0.0001275 5e-05 2.2e-05 -1e-05
0.61 5.6 -0.0677 247.5 0.000608 3.8e-05 4e-06 -1.2e-05 -0.0001646 5.1e-05 3.4e-05 -0
0.61 5.6 -0.0677 262.5 0.0007079 4e-05 1.3e-05 -4e-06 -0.0001452 5.2e-05 2.7e-05 -0
0.61 5.6 -0.0677 277.5 0.000652 3.8e-05 2e-06 -4.6e-05 -0.0001299 4.9e-05 5e-06 -2.8e-05
0.61 5.6 -0.0677 292.5 0.0006813 3.8e-05 1.5e-05 -8e-06 -0.0001439 5e-05 2.4e-05 -2e-06
0.61 5.6 -0.0677 307.5 0.0007523 3.9e-05 1.8e-05 -9e-06 -7.577e-05 5.1e-05 7e-06 -2e-05
0.61 5.6 -0.0677 322.5 0.0007267 3.8e-05 1e-05 -2.2e-05 -6.18e-05 5.1e-05 9e-06 -4e-05
0.61 5.6 -0.0677 337.5 0.0007608 3.9e-05 5e-06 -3.4e-05 -1.72e-05 5.5e-05 0 -3.6e-05
0.61 5.6 -0.0677 352.5 0.0007432 4e-05 2e-05 -3.5e-05 -0.0001134 8e-05 2.2e-05 -3.2e-05
0.612 5.62 -0.2 7.5 0.000514 4.2e-05 2.5e-05 -1.2e-05 -3.354e-05 4.2e-05 9e-06 -2.7e-05
0.612 5.62 -0.2 22.5 0.0004966 3.9e-05 2.5e-05 -1.1e-05 4.783e-05 4.5e-05 1e-05 -1.4e-05
0.612 5.62 -0.2 37.5 0.0004953 3.6e-05 1e-06 -3e-05 0.0001559 4.3e-05 7e-06 -3.4e-05
0.612 5.62 -0.2 52.5 0.0005275 3.5e-05 9e-06 -1.7e-05 0.000192 4.2e-05 3e-06 -2.1e-05
0.612 5.62 -0.2 67.5 0.0004898 3.4e-05 8e-06 -1.4e-05 0.0001515 4e-05 8e-06 -3.8e-05
0.612 5.62 -0.2 82.5 0.0005315 3.5e-05 2e-06 -2.4e-05 0.0001236 4e-05 4e-06 -2.3e-05
0.612 5.62 -0.2 97.5 0.0004362 3.3e-05 4e-06 -8e-06 0.0001087 3.8e-05 1.8e-05 -4e-06
0.612 5.62 -0.2 112.5 0.0004134 3.2e-05 2.1e-05 -1e-06 7.434e-05 3.7e-05 2.5e-05 -8e-06
0.612 5.62 -0.2 127.5 0.0003944 3.2e-05 7e-06 -1e-05 9.218e-05 3.5e-05 3e-06 -1.4e-05
0.612 5.62 -0.2 142.5 0.000393 3.2e-05 9e-06 -9e-06 2.332e-05 3.5e-05 1.8e-05 -7e-06
0.612 5.62 -0.2 157.5 0.0004315 3.3e-05 2.1e-05 -1.4e-05 9.276e-06 3.5e-05 1.7e-05 -9e-06
0.612 5.62 -0.2 172.5 0.0003504 3.2e-05 2.6e-05 -0 -1.236e-05 3e-05 2.4e-05 -1.4e-05
0.612 5.62 -0.2 187.5 0.0003992 3.4e-05 5.5e-05 -7e-06 -2.35e-05 4.8e-05 2e-05 -0
0.612 5.62 -0.2 202.5 0.000437 3.5e-05 2e-06 -1.8e-05 -3.808e-05 4.2e-05 1.8e-05 -2e-05
0.612 5.62 -0.2 217.5 0.0004456 3.6e-05 2.1e-05 -1.3e-05 -8.426e-05 4.2e-05 1.1e-05 -1.7e-05
0.612 5.62 -0.2 232.5 0.0004976 3.9e-05 2.4e-05 -1.7e-05 -0.0001011 4.4e-05 2.1e-05 -1e-05
0.612 5.62 -0.2 247.5 0.0005488 4.1e-05 1.1e-05 -1e-06 -9.079e-05 4.7e-05 3.7e-05 -1e-05
0.612 5.62 -0.2 262.5 0.0005585 4.1e-05 5e-06 -2e-05 -9.694e-05 4.7e-05 6e-06 -2.5e-05
0.612 5.62 -0.2 277.5 0.0005399 3.8e-05 3e-06 -1e-05 -0.000123 4.5e-05 2e-06 -1.8e-05
0.612 5.62 -0.2 292.5 0.000591 3.9e-05 1.1e-05 -1.8e-05 -0.0001587 4.6e-05 2.5e-05 -7e-06
0.612 5.62 -0.2 307.5 0.0005763 3.7e-05 1.1e-05 -1.4e-05 -0.0001095 4.4e-05 1.3e-05 -1.1e-05
0.612 5.62 -0.2 322.5 0.0005928 3.7e-05 8e-06 -1.3e-05 -0.0001091 4.7e-05 3.2e-05 -0
0.612 5.62 -0.2 337.5 0.0006086 4.1e-05 5e-06 -9e-06 -4.259e-05 5.3e-05 1.5e-05 -2.5e-05
0.612 5.62 -0.2 352.5 0.0005491 4.3e-05 7e-06 -2.7e-05 -8.779e-06 6.4e-05 3.3e-05 -1.4e-05
0.615 5.64 -0.333 7.5 0.0004826 7e-05 1.6e-05 -4.6e-05 -4.527e-07 6.4e-05 1.5e-05 -5.7e-05
0.615 5.64 -0.333 22.5 0.0003715 5.2e-05 3.1e-05 -3.3e-05 0.0001412 5.6e-05 0 -5.1e-05
0.615 5.64 -0.333 37.5 0.0003867 4.2e-05 2.5e-05 -5e-06 8.336e-05 4.7e-05 2.2e-05 -9e-06
0.615 5.64 -0.333 52.5 0.0003772 3.5e-05 3.6e-05 -7e-06 0.0001118 4e-05 8e-06 -4e-05
0.615 5.64 -0.333 67.5 0.0004552 3.5e-05 8e-06 -2.6e-05 3.905e-05 3.9e-05 5e-06 -1.5e-05
0.615 5.64 -0.333 82.5 0.0003932 3.4e-05 4e-06 -1.1e-05 0.0001043 3.8e-05 0 -1.9e-05
0.615 5.64 -0.333 97.5 0.0004106 3.4e-05 2.1e-05 -8e-06 8.191e-05 3.7e-05 1.8e-05 -2.4e-05
0.615 5.64 -0.333 112.5 0.000377 3.3e-05 5e-06 -9e-06 4.37e-05 3.6e-05 6e-06 -7e-06
0.615 5.64 -0.333 127.5 0.000354 3.2e-05 2e-05 -3e-06 7.288e-05 3.4e-05 5e-06 -3.1e-05
0.615 5.64 -0.333 142.5 0.0003555 3.2e-05 1.6e-05 -1.2e-05 3.158e-05 3.4e-05 2.1e-05 -6e-06
0.615 5.64 -0.333 157.5 0.0003577 3.2e-05 3e-06 -1.7e-05 1.876e-05 3.3e-05 1e-05 -1.8e-05
0.615 5.64 -0.333 172.5 0.0003494 3.4e-05 6e-06 -4e-06 -1.824e-05 3e-05 1.3e-05 -1e-05
0.615 5.64 -0.333 187.5 0.000404 3.6e-05 8e-06 -1.4e-05 -7.016e-05 4.4e-05 2.5e-05 -5e-06
0.615 5.64 -0.333 202.5 0.0003951 3.6e-05 0 -1.7e-05 2.512e-05 4e-05 1.9e-05 -5e-06
0.615 5.64 -0.333 217.5 0.0004394 3.8e-05 1.1e-05 -7e-06 -6.562e-05 4e-05 2.1e-05 -2.8e-05
0.615 5.64 -0.333 232.5 0.0004874 4e-05 1e-05 -8e-06 -8.579e-06 4.2e-05 5e-06 -4e-06
0.615 5.64 -0.333 247.5 0.0004739 4.2e-05 1e-06 -3.1e-05 -7.69e-05 4.6e-05 2.2e-05 -6e-06
0.615 5.64 -0.333 262.5 0.0004689 4.2e-05 2.4e-05 -9e-06 -0.000125 4.6e-05 2.9e-05 -5e-06
0.615 5.64 -0.333 277.5 0.0005031 4.1e-05 1.1e-05 -2e-05 -0.0001703 4.6e-05 1.3e-05 -1e-05
0.615 5.64 -0.333 292.5 0.0004212 3.7e-05 2.9e-05 -8e-06 -0.0001403 4.2e-05 2e-06 -2.9e-05
0.615 5.64 -0.333 307.5 0.0004439 3.7e-05 1.2e-05 -8e-06 -0.0001127 4.3e-05 1.5e-05 -1.7e-05
0.615 5.64 -0.333 322.5 0.0003994 4.3e-05 3.2e-05 -8e-06 -8.916e-05 5e-05 4.6e-05 -1.1e-05
0.615 5.64 -0.333 337.5 0.0004696 5.5e-05 2.6e-05 -1.1e-05 -4.108e-05 6.4e-05 8e-06 -2.5e-05
0.615 5.64 -0.333 352.5 0.0005107 7e-05 5.7e-05 -1e-05 -1.362e-05 8.8e-05 7.5e-05 -1e-06
0.617 5.65 -0.467 7.5 0.0002677 0.00013 5.4e-05 -4.3e-05 -2.15e-05 0.00011 9.2e-05 -1e-05
0.617 5.65 -0.467 22.5 0.0003154 8.8e-05 3.1e-05 -2.5e-05 0.0001063 8.9e-05 3.5e-05 -2.9e-05
0.617 5.65 -0.467 37.5 0.0003925 5.6e-05 1.5e-05 -1.7e-05 0.0001184 6e-05 1.8e-05 -1.2e-05
0.617 5.65 -0.467 52.5 0.0003671 4e-05 5.1e-05 -5e-06 0.0001131 4.6e-05 2.9e-05 -1.4e-05
0.617 5.65 -0.467 67.5 0.000248 3.3e-05 2.8e-05 -0 8.014e-05 3.8e-05 1.3e-05 -8e-06
0.617 5.65 -0.467 82.5 0.0002746 3.3e-05 4e-05 -1.1e-05 4.295e-05 3.7e-05 1.8e-05 -1.2e-05
0.617 5.65 -0.467 97.5 0.0003024 3.2e-05 1.5e-05 -1.1e-05 5.436e-05 3.5e-05 1.2e-05 -1e-05
0.617 5.65 -0.467 112.5 0.0002828 3.1e-05 1.5e-05 -3e-06 9.495e-05 3.4e-05 1.3e-05 -1.2e-05
0.617 5.65 -0.467 127.5 0.0002747 3e-05 0 -1.6e-05 9.769e-06 3.3e-05 2.3e-05 -5e-06
0.617 5.65 -0.467 142.5 0.0003295 3.3e-05 0 -1.7e-05 0.000115 3.5e-05 9e-06 -4e-05
0.617 5.65 -0.467 157.5 0.000331 3.4e-05 1e-06 -1.2e-05 -1.728e-05 3.5e-05 1.9e-05 -9e-06
0.617 5.65 -0.467 172.5 0.0003805 3.6e-05 2e-05 -8e-06 -2.829e-05 3.5e-05 1.8e-05 -9e-06
0.617 5.65 -0.467 187.5 0.0003425 3.6e-05 1.2e-05 -1e-05 1.471e-05 4.5e-05 1.3e-05 -8e-06
0.617 5.65 -0.467 202.5 0.0003202 3.6e-05 1.7e-05 -1.1e-05 1.221e-06 4e-05 6e-06 -2e-05
0.617 5.65 -0.467 217.5 0.0004244 3.9e-05 8e-06 -3.4e-05 -4.497e-05 4.2e-05 3.8e-05 -2.1e-05
0.617 5.65 -0.467 232.5 0.0003812 3.8e-05 2.2e-05 -1.6e-05 -7.487e-05 4.3e-05 1e-06 -1.6e-05
0.617 5.65 -0.467 247.5 0.0003737 4.1e-05 1.8e-05 -1e-05 -7.19e-05 4.5e-05 4e-05 -4e-06
0.617 5.65 -0.467 262.5 0.0004405 4.3e-05 1.8e-05 -5e-06 -0.0001425 4.9e-05 8e-06 -2.2e-05
0.617 5.65 -0.467 277.5 0.0004216 4e-05 4e-05 -5e-06 -9.875e-05 4.6e-05 1.7e-05 -1.3e-05
0.617 5.65 -0.467 292.5 0.0004073 3.9e-05 1.6e-05 -1.2e-05 -6.152e-05 4.5e-05 2.7e-05 -0
0.617 5.65 -0.467 307.5 0.0003839 4.2e-05 4.5e-05 -0 -0.000149 4.9e-05 1.6e-05 -1e-05
0.617 5.65 -0.467 322.5 0.000382 5.3e-05 0 -2.3e-05 -0.000154 5.9e-05 2.6e-05 -8e-06
0.617 5.65 -0.467 337.5 0.0003353 8.9e-05 5.5e-05 -5e-06 -7.911e-06 9.3e-05 2.6e-05 -3.8e-05
0.617 5.65 -0.467 352.5 0.0005348 0.00014 9.5e-05 -2.1e-05 -9.555e-05 0.00016 5.8e-05 -2e-06
0.616 5.66 -0.654 7.5 0.0008399 0.00036 0 -0.000248 0.0001166 0.00034 3e-05 -0.000245
0.616 5.66 -0.654 22.5 0.0004886 0.00016 6.5e-05 -6.1e-05 0.0003935 0.00017 2.3e-05 -8.2e-05
0.616 5.66 -0.654 37.5 0.0002314 6.4e-05 2e-05 -3.7e-05 0.0001134 7.2e-05 2.8e-05 -1.8e-05
0.616 5.66 -0.654 52.5 0.0001945 3.8e-05 1.7e-05 -0 8.774e-05 4.3e-05 1.1e-05 -4e-06
0.616 5.66 -0.654 67.5 0.0002864 3.2e-05 1.8e-05 -3e-06 5.163e-05 3.7e-05 2e-06 -2.5e-05
0.616 5.66 -0.654 82.5 0.0002888 2.9e-05 2.6e-05 -1e-06 6.619e-05 3.2e-05 2e-06 -2.2e-05
0.616 5.66 -0.654 97.5 0.0002559 2.7e-05 1e-05 -1.2e-05 5.282e-05 2.9e-05 4e-06 -9e-06
0.616 5.66 -0.654 112.5 0.0002295 2.4e-05 7e-06 -1.1e-05 3.799e-05 2.6e-05 8e-06 -1.6e-05
0.616 5.66 -0.654 127.5 0.0002248 2.4e-05 1.5e-05 -3e-06 5.276e-05 2.5e-05 4e-06 -1.9e-05
0.616 5.66 -0.654 142.5 0.0003119 2.7e-05 6e-06 -2.4e-05 1.545e-05 2.8e-05 1e-06 -2.1e-05
0.616 5.66 -0.654 157.5 0.0003319 2.9e-05 0 -2.7e-05 -1.983e-05 2.9e-05 2.2e-05 -2e-06
0.616 5.66 -0.654 172.5 0.0003472 3e-05 1e-05 -1.1e-05 1.663e-05 2.7e-05 3e-06 -1.9e-05
0.616 5.66 -0.654 187.5 0.0002952 2.8e-05 3.1e-05 -0 -8.324e-07 3.2e-05 1e-05 -8e-06
0.616 5.66 -0.654 202.5 0.0002977 2.8e-05 1.1e-05 -2e-05 8.672e-06 2.9e-05 0 -2.3e-05
0.616 5.66 -0.654 217.5 0.0003541 2.8e-05 1e-05 -1.2e-05 -1.882e-05 3e-05 1e-05 -1.4e-05
0.616 5.66 -0.654 232.5 0.000306 2.8e-05 1.8e-05 -1e-05 -5.636e-05 3e-05 1.3e-05 -6e-06
0.616 5.66 -0.654 247.5 0.0003789 3.2e-05 1.1e-05 -1.1e-05 -6.857e-05 3.5e-05 4e-06 -7e-06
0.616 5.66 -0.654 262.5 0.0003572 3.5e-05 9e-06 -6e-06 -4.672e-05 3.9e-05 6e-06 -1.3e-05
0.616 5.66 -0.654 277.5 0.0003524 3.4e-05 1.1e-05 -2.2e-05 -8.273e-05 3.7e-05 1.5e-05 -1.1e-05
0.616 5.66 -0.654 292.5 0.00032 3.3e-05 4e-06 -9e-06 -9.507e-05 3.7e-05 1e-05 -8e-06
0.616 5.66 -0.654 307.5 0.0003193 4.2e-05 7e-06 -3.6e-05 -0.0001545 4.8e-05 5.8e-05 -7e-06
0.616 5.66 -0.654 322.5 0.0002436 7e-05 2.4e-05 -8e-06 -7.272e-05 8e-05 6.5e-05 -7e-06
0.616 5.66 -0.654 337.5 0.000376 0.00016 4e-05 -4.1e-05 0.000129 0.00018 1e-06 -6.7e-05
0.616 5.66 -0.654 352.5 0.0003751 0.00038 7.5e-05 -7.4e-05 -0.0003565 0.00047 0 -0.000175
0.608 8.44 -0.06 7.5 0.000382 2e-05 8e-06 -4e-06 -1.534e-05 2e-05 5e-06 -4e-06
0.608 8.44 -0.06 22.5 0.0003853 2e-05 9e-06 -5e-06 -2.678e-05 2.2e-05 7e-06 -4e-06
0.608 8.44 -0.06 37.5 0.0003331 1.8e-05 5e-06 -5e-06 2.893e-05 2.1e-05 2e-06 -1.1e-05
0.608 8.44 -0.06 52.5 0.000371 1.9e-05 1e-05 -1.3e-05 5.459e-05 2.3e-05 5e-06 -3e-06
0.608 8.44 -0.06 67.5 0.0003571 1.8e-05 1e-05 -6e-06 5.612e-05 2.3e-05 3e-06 -6e-06
0.608 8.44 -0.06 82.5 0.0003348 1.8e-05 6e-06 -9e-06 4.715e-05 2.3e-05 1e-05 -4e-06
0.608 8.44 -0.06 97.5 0.0003225 1.7e-05 2e-06 -1.3e-05 2.294e-05 2.2e-05 6e-06 -6e-06
0.608 8.44 -0.06 112.5 0.0003103 1.7e-05 2e-06 -1e-06 7.392e-05 2.2e-05 2e-05 -0
0.608 8.44 -0.06 127.5 0.0002737 1.6e-05 1.2e-05 -6e-06 3.992e-05 2.1e-05 5e-06 -4e-06
0.608 8.44 -0.06 142.5 0.00028 1.7e-05 9e-06 -7e-06 1.494e-05 2.1e-05 1e-05 -9e-06
0.608 8.44 -0.06 157.5 0.0002844 1.6e-05 5e-06 -9e-06 5.815e-06 2.1e-05 9e-06 -3e-06
0.608 8.44 -0.06 172.5 0.00028 1.6e-05 5e-06 -3e-06 1.823e-05 1.9e-05 4e-06 -7e-06
0.608 8.44 -0.06 187.5 0.0002656 1.6e-05 1.2e-05 -2e-06 1.385e-05 2.3e-05 1.1e-05 -7e-06
0.608 8.44 -0.06 202.5 0.0002899 1.6e-05 5e-06 -5e-06 -5.677e-05 2.2e-05 4e-06 -4e-06
0.608 8.44 -0.06 217.5 0.0003126 1.7e-05 1e-06 -6e-06 1.338e-05 2.3e-05 2e-06 -8e-06
0.608 8.44 -0.06 232.5 0.0003196 1.7e-05 2e-05 -7e-06 -4.933e-05 2.3e-05 1.5e-05 -4e-06
0.608 8.44 -0.06 247.5 0.0003286 1.8e-05 1.3e-05 -5e-06 -7.04e-05 2.3e-05 3e-06 -6e-06
0.608 8.44 -0.06 262.5 0.000321 1.8e-05 4e-06 -1.2e-05 -3.291e-05 2.3e-05 1.1e-05 -4e-06
0.608 8.44 -0.06 277.5 0.0003278 1.8e-05 1.2e-05 -7e-06 -1.262e-05 2.3e-05 5e-06 -9e-06
0.608 8.44 -0.06 292.5 0.0003811 1.9e-05 7e-06 -1.3e-05 -4.123e-05 2.4e-05 9e-06 -8e-06
0.608 8.44 -0.06 307.5 0.0003805 1.9e-05 8e-06 -3e-06 -4.166e-05 2.4e-05 1e-05 -1e-06
0.608 8.44 -0.06 322.5 0.0004137 2e-05 1.6e-05 -5e-06 -5.213e-06 2.4e-05 8e-06 -8e-06
0.608 8.44 -0.06 337.5 0.000377 2e-05 1.3e-05 -5e-06 -2.661e-05 2.3e-05 8e-06 -1e-06
0.608 8.44 -0.06 352.5 0.0003934 2e-05 1e-05 -6e-06 8.795e-06 2.5e-05 2e-06 -1.5e-05
0.609 8.45 -0.177 7.5 0.0003421 2.3e-05 6e-06 -8e-06 4.894e-05 2.6e-05 5e-06 -8e-06
0.609 8.45 -0.177 22.5 0.0003046 2.1e-05 1.3e-05 -9e-06 -8.647e-06 2.5e-05 1.2e-05 -4e-06
0.609 8.45 -0.177 37.5 0.000284 1.9e-05 7e-06 -3e-06 5.236e-05 2.3e-05 7e-06 -2.3e-05
0.609 8.45 -0.177 52.5 0.0002834 1.8e-05 6e-06 -3e-06 3.038e-05 2.2e-05 1.3e-05 -5e-06
0.609 8.45 -0.177 67.5 0.0002668 1.7e-05 9e-06 -3e-06 3.586e-05 2e-05 6e-06 -1.1e-05
0.609 8.45 -0.177 82.5 0.0002592 1.6e-05 1e-05 -2e-06 6.176e-05 1.9e-05 5e-06 -7e-06
0.609 8.45 -0.177 97.5 0.0002263 1.5e-05 3e-06 -5e-06 4.531e-05 1.8e-05 4e-06 -3e-06
0.609 8.45 -0.177 112.5 0.0001895 1.4e-05 8e-06 -2e-06 4.535e-05 1.7e-05 5e-06 -4e-06
0.609 8.45 -0.177 127.5 0.0002055 1.4e-05 8e-06 -5e-06 1.701e-05 1.7e-05 8e-06 -1e-06
0.609 8.45 -0.177 142.5 0.0001964 1.4e-05 6e-06 -6e-06 2.276e-05 1.6e-05 8e-06 -5e-06
0.609 8.45 -0.177 157.5 0.0002096 1.4e-05 3e-06 -8e-06 2.786e-05 1.6e-05 6e-06 -7e-06
0.609 8.45 -0.177 172.5 0.0001754 1.4e-05 6e-06 -1e-06 -3.902e-06 1.5e-05 4e-06 -3e-06
0.609 8.45 -0.177 187.5 0.0001887 1.4e-05 3e-06 -8e-06 -2.459e-05 1.6e-05 9e-06 -0
0.609 8.45 -0.177 202.5 0.0002079 1.5e-05 1e-06 -4e-06 -7.94e-06 1.7e-05 0 -8e-06
0.609 8.45 -0.177 217.5 0.0001865 1.4e-05 7e-06 -2e-06 -3.361e-07 1.7e-05 3e-06 -2e-06
0.609 8.45 -0.177 232.5 0.000218 1.6e-05 5e-06 -5e-06 -4.881e-05 1.8e-05 2e-06 -5e-06
0.609 8.45 -0.177 247.5 0.0002657 1.7e-05 3e-06 -9e-06 -7.084e-05 2e-05 1e-05 -2e-06
0.609 8.45 -0.177 262.5 0.0002847 1.7e-05 3e-06 -8e-06 -3.983e-05 2e-05 5e-06 -7e-06
0.609 8.45 -0.177 277.5 0.0002565 1.6e-05 7e-06 -3e-06 -6.543e-05 2e-05 6e-06 -5e-06
0.609 8.45 -0.177 292.5 0.0002866 1.8e-05 4e-06 -8e-06 -4.284e-05 2.1e-05 1.4e-05 -1.3e-05
0.609 8.45 -0.177 307.5 0.0003094 1.8e-05 4e-06 -7e-06 -2.416e-05 2.2e-05 7e-06 -2e-06
0.609 8.45 -0.177 322.5 0.0003201 1.9e-05 5e-06 -1e-05 -6.296e-05 2.3e-05 5e-06 -7e-06
0.609 8.45 -0.177 337.5 0.0003624 2.1e-05 9e-06 -1.5e-05 -7.394e-05 2.6e-05 6e-06 -7e-06
0.609 8.45 -0.177 352.5 0.0003404 2.3e-05 5e-06 -8e-06 -9.658e-06 2.8e-05 9e-06 -5e-06
0.611 8.48 -0.294 7.5 0.0003062 3.6e-05 1.7e-05 -8e-06 2.645e-06 3e-05 5e-06 -9e-06
0.611 8.48 -0.294 22.5 0.0002535 2.8e-05 6e-06 -1.2e-05 1.606e-05 2.5e-05 8e-06 -1.6e-05
0.611 8.48 -0.294 37.5 0.0002307 2.2e-05 1.6e-05 -7e-06 1.864e-05 2.2e-05 7e-06 -1.6e-05
0.611 8.48 -0.294 52.5 0.0001934 1.7e-05 3e-06 -7e-06 4.384e-05 1.9e-05 1e-05 -1.2e-05
0.611 8.48 -0.294 67.5 0.0002056 1.6e-05 1e-05 -2e-06 4.31e-05 1.8e-05 7e-06 -4e-06
0.611 8.48 -0.294 82.5 0.0001646 1.4e-05 1e-05 -5e-06 4.648e-05 1.7e-05 7e-06 -3e-06
0.611 8.48 -0.294 97.5 0.0001852 1.4e-05 3e-06 -7e-06 3.189e-05 1.7e-05 8e-06 -1e-05
0.611 8.48 -0.294 112.5 0.0001497 1.3e-05 6e-06 -2e-06 5.645e-06 1.5e-05 6e-06 -3e-06
0.611 8.48 -0.294 127.5 0.0001365 1.2e-05 5e-06 -2e-06 3.413e-05 1.5e-05 4e-06 -6e-06
0.611 8.48 -0.294 142.5 0.000157 1.3e-05 3e-06 -4e-06 4.651e-05 1.5e-05 0 -7e-06
0.611 8.48 -0.294 157.5 0.0001338 1.2e-05 5e-06 -2e-06 1.174e-05 1.4e-05 1e-06 -8e-06
0.611 8.48 -0.294 172.5 0.000142 1.3e-05 5e-06 -4e-06 5.394e-06 1.5e-05 4e-06 -2e-06
0.611 8.48 -0.294 187.5 0.0001493 1.3e-05 2e-06 -6e-06 1.168e-05 1.6e-05 4e-06 -7e-06
0.611 8.48 -0.294 202.5 0.0001397 1.3e-05 5e-06 -8e-06 -4.226e-05 1.6e-05 6e-06 -1e-06
0.611 8.48 -0.294 217.5 0.000172 1.4e-05 7e-06 -2e-06 -4.342e-05 1.8e-05 2e-06 -4e-06
0.611 8.48 -0.294 232.5 0.000186 1.5e-05 6e-06 -9e-06 -4.462e-05 1.8e-05 9e-06 -6e-06
0.611 8.48 -0.294 247.5 0.0002107 1.5e-05 5e-06 -8e-06 -2.952e-05 1.9e-05 5e-06 -3e-06
0.611 8.48 -0.294 262.5 0.0002082 1.6e-05 6e-06 -5e-06 -4.175e-05 1.8e-05 6e-06 -3e-06
0.611 8.48 -0.294 277.5 0.0001992 1.5e-05 5e-06 -3e-06 -5.384e-05 1.8e-05 6e-06 -4e-06
0.611 8.48 -0.294 292.5 0.0002317 1.6e-05 8e-06 -1e-06 -7.903e-05 1.9e-05 2e-06 -1.2e-05
0.611 8.48 -0.294 307.5 0.0002503 1.7e-05 1e-05 -7e-06 -5.266e-05 1.9e-05 2e-06 -1.2e-05
0.611 8.48 -0.294 322.5 0.000219 1.9e-05 1e-05 -3e-06 -1.568e-05 2e-05 8e-06 -6e-06
0.611 8.48 -0.294 337.5 0.0002309 2.6e-05 1.6e-05 -3e-06 6.747e-06 2.4e-05 1.2e-05 -1.3e-05
0.611 8.48 -0.294 352.5 0.0002268 3.2e-05 2.3e-05 -5e-06 -5.18e-05 2.8e-05 1.1e-05 -1e-05
0.613 8.5 -0.412 7.5 0.0003137 7e-05 1.4e-05 -2.7e-05 -3.335e-05 5.9e-05 2.6e-05 -3.1e-05
0.613 8.5 -0.412 22.5 0.0002066 4.6e-05 6e-06 -1.4e-05 7.615e-05 4.5e-05 1.4e-05 -1.8e-05
0.613 8.5 -0.412 37.5 0.0001853 2.8e-05 4e-06 -1.1e-05 9.573e-05 3.2e-05 1.3e-05 -6e-06
0.613 8.5 -0.412 52.5 0.0001312 1.7e-05 5e-06 -4e-06 4.495e-05 2.2e-05 4e-06 -5e-06
0.613 8.5 -0.412 67.5 0.0001514 1.5e-05 4e-06 -5e-06 7.749e-05 1.9e-05 4e-06 -9e-06
0.613 8.5 -0.412 82.5 0.0001602 1.5e-05 5e-06 -5e-06 2.501e-05 1.7e-05 2e-06 -3e-06
0.613 8.5 -0.412 97.5 0.0001387 1.3e-05 6e-06 -3e-06 5.952e-05 1.6e-05 1e-06 -8e-06
0.613 8.5 -0.412 112.5 0.0001399 1.3e-05 7e-06 -2e-06 2.533e-05 1.4e-05 5e-06 -0
0.613 8.5 -0.412 127.5 0.0001227 1.2e-05 5e-06 -4e-06 3.413e-05 1.3e-05 5e-06 -7e-06
0.613 8.5 -0.412 142.5 0.0001198 1.2e-05 1e-06 -6e-06 1.628e-05 1.2e-05 3e-06 -3e-06
0.613 8.5 -0.412 157.5 0.000122 1.2e-05 4e-06 -4e-06 -5.65e-06 1.2e-05 3e-06 -3e-06
0.613 8.5 -0.412 172.5 0.0001167 1.2e-05 3e-06 -2e-06 -3.944e-06 1.1e-05 2e-06 -5e-06
0.613 8.5 -0.412 187.5 0.000106 1.2e-05 2e-06 -4e-06 -2.036e-05 1.2e-05 2e-06 -4e-06
0.613 8.5 -0.412 202.5 0.0001248 1.3e-05 8e-06 -3e-06 5.862e-06 1.3e-05 7e-06 -5e-06
0.613 8.5 -0.412 217.5 0.0001434 1.4e-05 0 -1.2e-05 -5.927e-06 1.4e-05 4e-06 -3e-06
0.613 8.5 -0.412 232.5 0.0001653 1.5e-05 3e-06 -4e-06 -8.345e-06 1.5e-05 2e-06 -6e-06
0.613 8.5 -0.412 247.5 0.0001469 1.4e-05 9e-06 -4e-06 -3.971e-05 1.5e-05 7e-06 -4e-06
0.613 8.5 -0.412 262.5 0.0001319 1.4e-05 6e-06 -3e-06 -3.182e-05 1.6e-05 6e-06 -8e-06
0.613 8.5 -0.412 277.5 0.0001622 1.5e-05 7e-06 -3e-06 -3.09e-05 1.8e-05 5e-06 -1e-06
0.613 8.5 -0.412 292.5 0.0001804 1.6e-05 3e-06 -4e-06 -5.168e-05 2e-05 7e-06 -9e-06
0.613 8.5 -0.412 307.5 0.0001926 1.8e-05 3e-06 -3e-06 -7.321e-05 2.2e-05 1e-05 -5e-06
0.613 8.5 -0.412 322.5 0.0001496 2.4e-05 1.3e-05 -1e-05 -7.505e-05 2.9e-05 1.2e-05 -4e-06
0.613 8.5 -0.412 337.5 0.00021 4.6e-05 2.5e-05 -6e-06 -6.932e-05 4.7e-05 1.2e-05 -1.8e-05
0.613 8.5 -0.412 352.5 0.0001509 6.5e-05 7e-06 -2e-05 -3.382e-05 6.1e-05 1.2e-05 -2.4e-05
0.613 8.51 -0.577 7.5 0.0002802 0.00014 5.5e-05 -8e-06 0.0002918 9.8e-05 2.6e-05 -1.2e-05
0.613 8.51 -0.577 22.5 0.0001386 7.2e-05 4.5e-05 -9e-06 -2.216e-06 6.1e-05 1.5e-05 -2.6e-05
0.613 8.51 -0.577 37.5 0.0001359 2.9e-05 6e-06 -1e-05 5.402e-05 2.9e-05 4e-06 -1.5e-05
0.613 8.51 -0.577 52.5 0.0001328 1.7e-05 3e-06 -6e-06 5.576e-05 1.9e-05 8e-06 -5e-06
0.613 8.51 -0.577 67.5 0.0001275 1.4e-05 5e-06 -3e-06 4.155e-05 1.5e-05 3e-06 -6e-06
0.613 8.51 -0.577 82.5 0.0001201 1.2e-05 5e-06 -4e-06 1.811e-05 1.4e-05 4e-06 -9e-06
0.613 8.51 -0.577 97.5 0.0001159 1.1e-05 5e-06 -3e-06 2.393e-05 1.3e-05 6e-06 -4e-06
0.613 8.51 -0.577 112.5 0.0001073 9.7e-06 3e-06 -3e-06 2.339e-05 1.1e-05 6e-06 -1e-06
0.613 8.51 -0.577 127.5 8.223e-05 8.2e-06 2e-06 -1e-06 1.833e-05 9.3e-06 1e-06 -3e-06
0.613 8.51 -0.577 142.5 8.638e-05 8.3e-06 2e-06 -5e-06 3.192e-06 9.5e-06 6e-06 -1e-06
0.613 8.51 -0.577 157.5 9.842e-05 9.1e-06 5e-06 -4e-06 -6.209e-07 1e-05 3e-06 -1e-06
0.613 8.51 -0.577 172.5 0.0001099 9.9e-06 3e-06 -1.1e-05 1.37e-05 1.1e-05 1e-06 -2e-06
0.613 8.51 -0.577 187.5 9.18e-05 9.5e-06 2e-06 -8e-06 1.079e-05 1.1e-05 2e-06 -2e-06
0.613 8.51 -0.577 202.5 9.419e-05 9.1e-06 6e-06 -1e-06 -2.554e-06 1.1e-05 0 -9e-06
0.613 8.51 -0.577 217.5 0.0001065 9e-06 1e-06 -5e-06 -1.417e-05 1.1e-05 1e-06 -3e-06
0.613 8.51 -0.577 232.5 0.0001098 9.5e-06 0 -4e-06 -3.539e-05 1.1e-05 2e-06 -6e-06
0.613 8.51 -0.577 247.5 0.0001349 1.1e-05 4e-06 -2e-06 -2.677e-05 1.2e-05 3e-06 -4e-06
0.613 8.51 -0.577 262.5 0.000122 1.1e-05 2e-06 -3e-06 -4.455e-05 1.3e-05 5e-06 -2e-06
0.613 8.51 -0.577 277.5 0.0001422 1.2e-05 4e-06 -1e-06 -3.804e-05 1.4e-05 4e-06 -1e-06
0.613 8.51 -0.577 292.5 0.0001338 1.4e-05 8e-06 -6e-06 -5.449e-05 1.5e-05 7e-06 -4e-06
0.613 8.51 -0.577 307.5 0.000129 1.8e-05 6e-06 -4e-06 -1.97e-05 1.9e-05 4e-06 -7e-06
0.613 8.51 -0.577 322.5 0.0001614 3.1e-05 1e-06 -1.4e-05 2.818e-06 3e-05 1.4e-05 -3e-06
0.613 8.51 -0.577 337.5 0.0001278 6.3e-05 1.3e-05 -7e-06 8.241e-05 5.1e-05 1.1e-05 -2e-05
0.613 8.51 -0.577 352.5 0.0001889 0.00017 1.4e-05 -3.4e-05 -0.000193 0.00011 3.7e-05 -8e-06
